Metasequoia Document
Format Text Ver 1.0

Scene {
	pos 0.0000 0.0000 1500.0000
	lookat 0.0000 0.0000 0.0000
	head 0.2164
	pich 0.8036
	ortho 0
	zoom2 1.9531
	amb 0.500 0.500 0.500
}
 Material 3 {
	"mat5721" shader(3) col(0.867 0.717 0.524 1.000) dif(0.800) amb(0.000) emi(0.750) spc(0.000) power(5.00)
	"mat9198" shader(3) col(0.991 0.959 0.728 1.000) dif(0.800) amb(0.000) emi(0.750) spc(0.000) power(5.00)
}
Object "obj1" { 
	depth 0
	folding 0
	scale 1.000000 1.000000 1.000000
	rotation 0.000000 0.000000 0.000000
	translation 0.000000 0.000000 0.000000
	visible 15
	locking 0
	shading 1
	facet 120
	color 0.000 0.000 0.000
	color_type 0 
	vertex 1641 {
		 0.0000 165.0000 0.0000
		 -2.0000 126.0000 23.0000
		 -2.0000 141.0000 19.0000
		 0.0000 157.0000 10.0000
		 0.0000 161.0000 4.0000
		 -1.0000 112.0000 13.0000
		 0.0000 164.0000 -2.0000
		 -2.0000 123.0000 14.0000
		 -1.0000 150.0000 5.0000
		 -1.0000 160.0000 0.0000
		 0.0000 116.0000 13.0000
		 0.0000 159.0000 7.0000
		 -1.0000 154.0000 3.0000
		 -2.0000 129.0000 22.0000
		 -1.0000 131.0000 15.0000
		 -1.0000 137.0000 20.0000
		 4.0000 160.0000 -4.0000
		 4.0000 166.0000 1.0000
		 4.0000 109.0000 28.0000
		 4.0000 125.0000 26.0000
		 4.0000 144.0000 21.0000
		 4.0000 157.0000 11.0000
		 4.0000 112.0000 13.0000
		 4.0000 123.0000 11.0000
		 4.0000 141.0000 6.0000
		 4.0000 149.0000 2.0000
		 4.0000 157.0000 -3.0000
		 4.0000 113.0000 27.0000
		 4.0000 116.0000 13.0000
		 4.0000 153.0000 -1.0000
		 4.0000 133.0000 25.0000
		 4.0000 129.0000 13.0000
		 4.0000 136.0000 23.0000
		 4.0000 129.0000 13.0000
		 4.0000 165.0000 -2.0000
		 4.0000 159.0000 8.0000
		 1.0000 162.0000 5.0000
		 1.0000 159.0000 6.0000
		 1.0000 165.0000 1.0000
		 4.0000 166.0000 1.0000
		 4.0000 163.0000 6.0000
		 4.0000 159.0000 8.0000
		 1.0000 162.0000 5.0000
		 1.0000 160.0000 6.0000
		 1.0000 165.0000 2.0000
		 4.0000 167.0000 3.0000
		 1.0000 166.0000 1.0000
		 4.0000 168.0000 1.0000
		 1.0000 166.0000 1.0000
		 4.0000 168.0000 1.0000
		 -1.0000 154.0000 11.0000
		 -1.0000 148.0000 6.0000
		 4.0000 152.0000 15.0000
		 4.0000 147.0000 4.0000
		 0.0000 152.0000 14.0000
		 -1.0000 145.0000 8.0000
		 4.0000 145.0000 5.0000
		 -3.0000 124.0000 19.0000
		 -3.0000 139.0000 16.0000
		 -2.0000 154.0000 8.0000
		 -2.0000 157.0000 5.0000
		 -2.0000 132.0000 18.0000
		 -1.0000 161.0000 3.0000
		 -1.0000 150.0000 14.0000
		 4.0000 151.0000 15.0000
		 -2.0000 148.0000 12.0000
		 4.0000 119.0000 12.0000
		 4.0000 141.0000 22.0000
		 4.0000 128.0000 25.0000
		 -2.0000 130.0000 18.0000
		 -3.0000 136.0000 17.0000
		 2.0000 136.0000 24.0000
		 1.0000 133.0000 24.0000
		 -1.0000 132.0000 23.0000
		 0.0000 136.0000 22.0000
		 -2.0000 131.0000 21.0000
		 -1.0000 135.0000 21.0000
		 0.0000 128.0000 24.0000
		 1.0000 128.0000 25.0000
		 0.0000 138.0000 21.0000
		 4.0000 134.0000 10.0000
		 -2.0000 133.0000 18.0000
		 4.0000 127.0000 12.0000
		 0.0000 147.0000 7.0000
		 4.0000 146.0000 6.0000
		 0.0000 147.0000 7.0000
		 4.0000 146.0000 6.0000
		 -2.0000 151.0000 9.0000
		 -2.0000 149.0000 11.0000
		 4.0000 119.0000 26.0000
		 4.0000 132.0000 25.0000
		 1.0000 132.0000 25.0000
		 -2.0000 131.0000 21.0000
		 -1.0000 131.0000 23.0000
		 1.0000 158.0000 9.0000
		 2.0000 159.0000 7.0000
		 2.0000 159.0000 7.0000
		 4.0000 159.0000 8.0000
		 2.0000 159.0000 8.0000
		 0.0000 159.0000 7.0000
		 0.0000 162.0000 4.0000
		 0.0000 119.0000 25.0000
		 1.0000 125.0000 25.0000
		 4.0000 132.0000 12.0000
		 4.0000 132.0000 11.0000
		 -1.0000 132.0000 15.0000
		 0.0000 130.0000 13.0000
		 0.0000 130.0000 14.0000
		 -2.0000 134.0000 14.0000
		 -2.0000 128.0000 14.0000
		 0.0000 132.0000 13.0000
		 0.0000 132.0000 13.0000
		 4.0000 130.0000 12.0000
		 0.0000 131.0000 13.0000
		 -1.0000 131.0000 15.0000
		 -1.0000 132.0000 15.0000
		 1.0000 155.0000 13.0000
		 0.0000 158.0000 8.0000
		 -2.0000 155.0000 6.0000
		 7.0000 165.0000 0.0000
		 9.0000 126.0000 23.0000
		 9.0000 141.0000 19.0000
		 8.0000 157.0000 10.0000
		 8.0000 161.0000 4.0000
		 8.0000 112.0000 13.0000
		 7.0000 164.0000 -2.0000
		 9.0000 123.0000 14.0000
		 9.0000 140.0000 9.0000
		 8.0000 150.0000 5.0000
		 8.0000 160.0000 0.0000
		 9.0000 110.0000 24.0000
		 8.0000 117.0000 13.0000
		 8.0000 159.0000 7.0000
		 9.0000 154.0000 3.0000
		 9.0000 129.0000 22.0000
		 9.0000 131.0000 15.0000
		 9.0000 137.0000 20.0000
		 7.0000 162.0000 5.0000
		 7.0000 159.0000 6.0000
		 7.0000 165.0000 1.0000
		 7.0000 162.0000 5.0000
		 7.0000 160.0000 6.0000
		 7.0000 165.0000 2.0000
		 7.0000 166.0000 1.0000
		 7.0000 166.0000 1.0000
		 8.0000 154.0000 11.0000
		 8.0000 149.0000 6.0000
		 8.0000 152.0000 14.0000
		 8.0000 145.0000 8.0000
		 11.0000 124.0000 19.0000
		 10.0000 139.0000 16.0000
		 9.0000 154.0000 8.0000
		 9.0000 157.0000 5.0000
		 10.0000 132.0000 18.0000
		 8.0000 161.0000 3.0000
		 8.0000 150.0000 14.0000
		 10.0000 148.0000 12.0000
		 10.0000 115.0000 20.0000
		 10.0000 130.0000 18.0000
		 10.0000 136.0000 17.0000
		 6.0000 136.0000 24.0000
		 6.0000 133.0000 24.0000
		 8.0000 132.0000 23.0000
		 8.0000 136.0000 22.0000
		 9.0000 131.0000 21.0000
		 9.0000 135.0000 21.0000
		 8.0000 128.0000 24.0000
		 6.0000 128.0000 25.0000
		 7.0000 138.0000 21.0000
		 10.0000 133.0000 18.0000
		 8.0000 147.0000 7.0000
		 8.0000 147.0000 7.0000
		 9.0000 151.0000 9.0000
		 10.0000 149.0000 11.0000
		 9.0000 119.0000 24.0000
		 8.0000 120.0000 14.0000
		 11.0000 121.0000 19.0000
		 6.0000 132.0000 25.0000
		 9.0000 131.0000 21.0000
		 8.0000 131.0000 23.0000
		 7.0000 158.0000 9.0000
		 5.0000 159.0000 7.0000
		 5.0000 159.0000 7.0000
		 6.0000 159.0000 8.0000
		 7.0000 159.0000 7.0000
		 7.0000 162.0000 4.0000
		 7.0000 119.0000 25.0000
		 7.0000 126.0000 25.0000
		 9.0000 132.0000 15.0000
		 7.0000 130.0000 13.0000
		 7.0000 130.0000 14.0000
		 9.0000 134.0000 14.0000
		 9.0000 128.0000 14.0000
		 7.0000 132.0000 13.0000
		 7.0000 132.0000 13.0000
		 7.0000 131.0000 13.0000
		 9.0000 131.0000 15.0000
		 9.0000 132.0000 15.0000
		 6.0000 155.0000 13.0000
		 8.0000 158.0000 8.0000
		 9.0000 155.0000 6.0000
		 -13.0000 159.0000 1.0000
		 -17.0000 123.0000 21.0000
		 -16.0000 137.0000 18.0000
		 -15.0000 151.0000 9.0000
		 -14.0000 156.0000 4.0000
		 -13.0000 158.0000 -1.0000
		 -17.0000 121.0000 13.0000
		 -16.0000 136.0000 9.0000
		 -15.0000 146.0000 5.0000
		 -14.0000 154.0000 1.0000
		 -14.0000 153.0000 7.0000
		 -15.0000 149.0000 3.0000
		 -16.0000 126.0000 21.0000
		 -16.0000 128.0000 14.0000
		 -16.0000 134.0000 19.0000
		 -10.0000 154.0000 -2.0000
		 -10.0000 160.0000 1.0000
		 -11.0000 123.0000 24.0000
		 -11.0000 139.0000 19.0000
		 -11.0000 153.0000 10.0000
		 -11.0000 120.0000 11.0000
		 -11.0000 137.0000 6.0000
		 -11.0000 144.0000 3.0000
		 -10.0000 152.0000 -2.0000
		 -10.0000 148.0000 0.0000
		 -11.0000 130.0000 23.0000
		 -11.0000 126.0000 12.0000
		 -11.0000 133.0000 22.0000
		 -11.0000 126.0000 12.0000
		 -10.0000 158.0000 -1.0000
		 -10.0000 153.0000 8.0000
		 -13.0000 156.0000 5.0000
		 -13.0000 154.0000 6.0000
		 -13.0000 158.0000 2.0000
		 -10.0000 159.0000 2.0000
		 -10.0000 156.0000 6.0000
		 -10.0000 153.0000 8.0000
		 -13.0000 156.0000 5.0000
		 -13.0000 154.0000 6.0000
		 -13.0000 159.0000 2.0000
		 -10.0000 160.0000 3.0000
		 -12.0000 160.0000 1.0000
		 -10.0000 161.0000 2.0000
		 -12.0000 160.0000 2.0000
		 -10.0000 161.0000 2.0000
		 -15.0000 148.0000 11.0000
		 -15.0000 144.0000 6.0000
		 -11.0000 147.0000 14.0000
		 -11.0000 142.0000 4.0000
		 -15.0000 146.0000 13.0000
		 -15.0000 141.0000 8.0000
		 -11.0000 140.0000 5.0000
		 -18.0000 122.0000 17.0000
		 -17.0000 135.0000 15.0000
		 -16.0000 149.0000 7.0000
		 -15.0000 151.0000 5.0000
		 -17.0000 129.0000 17.0000
		 -15.0000 155.0000 3.0000
		 -15.0000 146.0000 13.0000
		 -11.0000 147.0000 14.0000
		 -16.0000 143.0000 11.0000
		 -11.0000 117.0000 12.0000
		 -11.0000 136.0000 20.0000
		 -11.0000 125.0000 24.0000
		 -17.0000 127.0000 17.0000
		 -17.0000 132.0000 16.0000
		 -13.0000 132.0000 22.0000
		 -14.0000 129.0000 23.0000
		 -16.0000 129.0000 21.0000
		 -15.0000 132.0000 21.0000
		 -16.0000 128.0000 20.0000
		 -16.0000 132.0000 19.0000
		 -15.0000 126.0000 22.0000
		 -13.0000 125.0000 23.0000
		 -15.0000 135.0000 19.0000
		 -11.0000 129.0000 10.0000
		 -17.0000 130.0000 17.0000
		 -11.0000 124.0000 11.0000
		 -15.0000 143.0000 7.0000
		 -11.0000 141.0000 6.0000
		 -15.0000 142.0000 7.0000
		 -11.0000 141.0000 6.0000
		 -16.0000 146.0000 9.0000
		 -16.0000 144.0000 11.0000
		 -11.0000 129.0000 23.0000
		 -14.0000 129.0000 23.0000
		 -16.0000 128.0000 20.0000
		 -16.0000 128.0000 21.0000
		 -13.0000 153.0000 9.0000
		 -12.0000 153.0000 7.0000
		 -12.0000 153.0000 7.0000
		 -10.0000 153.0000 8.0000
		 -12.0000 153.0000 8.0000
		 -13.0000 153.0000 7.0000
		 -13.0000 156.0000 4.0000
		 -14.0000 123.0000 23.0000
		 -11.0000 128.0000 11.0000
		 -11.0000 128.0000 11.0000
		 -16.0000 129.0000 14.0000
		 -14.0000 127.0000 13.0000
		 -14.0000 127.0000 13.0000
		 -16.0000 131.0000 13.0000
		 -16.0000 125.0000 13.0000
		 -14.0000 128.0000 12.0000
		 -14.0000 129.0000 12.0000
		 -11.0000 127.0000 12.0000
		 -14.0000 128.0000 13.0000
		 -16.0000 128.0000 15.0000
		 -16.0000 129.0000 14.0000
		 -14.0000 148.0000 11.0000
		 -14.0000 153.0000 8.0000
		 -16.0000 150.0000 6.0000
		 -6.0000 158.0000 1.0000
		 -6.0000 123.0000 21.0000
		 -6.0000 137.0000 18.0000
		 -7.0000 151.0000 10.0000
		 -6.0000 155.0000 4.0000
		 -7.0000 157.0000 0.0000
		 -6.0000 121.0000 13.0000
		 -7.0000 136.0000 9.0000
		 -7.0000 145.0000 5.0000
		 -6.0000 153.0000 1.0000
		 -7.0000 153.0000 7.0000
		 -6.0000 149.0000 3.0000
		 -6.0000 126.0000 21.0000
		 -7.0000 128.0000 14.0000
		 -7.0000 134.0000 19.0000
		 -7.0000 155.0000 5.0000
		 -8.0000 153.0000 7.0000
		 -7.0000 158.0000 2.0000
		 -7.0000 156.0000 5.0000
		 -8.0000 154.0000 7.0000
		 -7.0000 158.0000 2.0000
		 -7.0000 159.0000 2.0000
		 -7.0000 159.0000 2.0000
		 -7.0000 148.0000 11.0000
		 -7.0000 143.0000 6.0000
		 -7.0000 146.0000 13.0000
		 -7.0000 141.0000 8.0000
		 -5.0000 122.0000 17.0000
		 -5.0000 135.0000 15.0000
		 -6.0000 148.0000 8.0000
		 -6.0000 151.0000 6.0000
		 -6.0000 129.0000 17.0000
		 -6.0000 154.0000 3.0000
		 -7.0000 145.0000 13.0000
		 -6.0000 143.0000 11.0000
		 -6.0000 127.0000 17.0000
		 -5.0000 132.0000 16.0000
		 -10.0000 132.0000 22.0000
		 -9.0000 129.0000 23.0000
		 -7.0000 129.0000 21.0000
		 -8.0000 132.0000 21.0000
		 -6.0000 128.0000 20.0000
		 -7.0000 132.0000 19.0000
		 -8.0000 125.0000 22.0000
		 -9.0000 125.0000 23.0000
		 -8.0000 134.0000 19.0000
		 -6.0000 129.0000 17.0000
		 -7.0000 142.0000 7.0000
		 -7.0000 142.0000 7.0000
		 -6.0000 146.0000 9.0000
		 -6.0000 144.0000 11.0000
		 -9.0000 129.0000 23.0000
		 -6.0000 128.0000 20.0000
		 -7.0000 128.0000 21.0000
		 -8.0000 152.0000 9.0000
		 -9.0000 153.0000 7.0000
		 -9.0000 153.0000 7.0000
		 -9.0000 153.0000 8.0000
		 -7.0000 153.0000 7.0000
		 -7.0000 155.0000 5.0000
		 -9.0000 123.0000 23.0000
		 -7.0000 129.0000 14.0000
		 -8.0000 127.0000 13.0000
		 -8.0000 127.0000 13.0000
		 -6.0000 130.0000 13.0000
		 -6.0000 125.0000 13.0000
		 -8.0000 128.0000 12.0000
		 -8.0000 129.0000 13.0000
		 -8.0000 128.0000 13.0000
		 -7.0000 128.0000 15.0000
		 -7.0000 129.0000 14.0000
		 -8.0000 148.0000 11.0000
		 -7.0000 152.0000 8.0000
		 -6.0000 150.0000 7.0000
		 17.0000 156.0000 0.0000
		 15.0000 117.0000 22.0000
		 15.0000 137.0000 17.0000
		 17.0000 148.0000 9.0000
		 16.0000 153.0000 4.0000
		 17.0000 155.0000 -1.0000
		 16.0000 119.0000 12.0000
		 16.0000 134.0000 9.0000
		 17.0000 144.0000 4.0000
		 16.0000 151.0000 0.0000
		 17.0000 151.0000 6.0000
		 16.0000 147.0000 3.0000
		 15.0000 124.0000 20.0000
		 15.0000 127.0000 13.0000
		 16.0000 133.0000 17.0000
		 20.0000 152.0000 -3.0000
		 20.0000 158.0000 1.0000
		 20.0000 118.0000 24.0000
		 21.0000 139.0000 18.0000
		 20.0000 149.0000 10.0000
		 20.0000 118.0000 10.0000
		 21.0000 134.0000 6.0000
		 21.0000 141.0000 2.0000
		 20.0000 149.0000 -3.0000
		 21.0000 146.0000 -1.0000
		 20.0000 128.0000 23.0000
		 21.0000 124.0000 10.0000
		 20.0000 132.0000 21.0000
		 21.0000 124.0000 10.0000
		 20.0000 156.0000 -2.0000
		 20.0000 151.0000 7.0000
		 17.0000 153.0000 4.0000
		 18.0000 151.0000 6.0000
		 17.0000 156.0000 1.0000
		 20.0000 157.0000 1.0000
		 20.0000 154.0000 6.0000
		 20.0000 151.0000 7.0000
		 17.0000 154.0000 4.0000
		 18.0000 151.0000 6.0000
		 17.0000 156.0000 2.0000
		 20.0000 158.0000 3.0000
		 17.0000 157.0000 1.0000
		 20.0000 159.0000 1.0000
		 17.0000 157.0000 1.0000
		 20.0000 159.0000 1.0000
		 17.0000 145.0000 10.0000
		 17.0000 142.0000 5.0000
		 21.0000 144.0000 13.0000
		 21.0000 139.0000 4.0000
		 17.0000 144.0000 12.0000
		 17.0000 138.0000 7.0000
		 21.0000 137.0000 5.0000
		 13.0000 120.0000 16.0000
		 14.0000 134.0000 14.0000
		 16.0000 146.0000 8.0000
		 16.0000 149.0000 5.0000
		 14.0000 128.0000 15.0000
		 16.0000 152.0000 2.0000
		 17.0000 142.0000 13.0000
		 21.0000 144.0000 14.0000
		 15.0000 140.0000 11.0000
		 21.0000 136.0000 20.0000
		 20.0000 123.0000 23.0000
		 14.0000 125.0000 16.0000
		 14.0000 131.0000 15.0000
		 19.0000 132.0000 21.0000
		 18.0000 128.0000 22.0000
		 16.0000 127.0000 20.0000
		 17.0000 131.0000 20.0000
		 15.0000 127.0000 19.0000
		 15.0000 131.0000 18.0000
		 16.0000 124.0000 22.0000
		 18.0000 123.0000 23.0000
		 17.0000 134.0000 18.0000
		 21.0000 128.0000 8.0000
		 14.0000 128.0000 15.0000
		 20.0000 122.0000 9.0000
		 17.0000 140.0000 6.0000
		 21.0000 139.0000 5.0000
		 17.0000 139.0000 7.0000
		 21.0000 139.0000 5.0000
		 15.0000 143.0000 9.0000
		 15.0000 141.0000 10.0000
		 20.0000 127.0000 23.0000
		 18.0000 127.0000 22.0000
		 15.0000 126.0000 19.0000
		 16.0000 127.0000 21.0000
		 18.0000 150.0000 8.0000
		 19.0000 151.0000 7.0000
		 19.0000 151.0000 7.0000
		 20.0000 151.0000 8.0000
		 19.0000 151.0000 7.0000
		 17.0000 151.0000 7.0000
		 17.0000 153.0000 4.0000
		 17.0000 118.0000 23.0000
		 21.0000 127.0000 9.0000
		 21.0000 127.0000 9.0000
		 16.0000 128.0000 12.0000
		 17.0000 125.0000 11.0000
		 17.0000 126.0000 11.0000
		 16.0000 129.0000 11.0000
		 15.0000 123.0000 12.0000
		 17.0000 127.0000 11.0000
		 17.0000 127.0000 11.0000
		 21.0000 125.0000 10.0000
		 17.0000 126.0000 11.0000
		 15.0000 127.0000 13.0000
		 16.0000 128.0000 12.0000
		 19.0000 147.0000 12.0000
		 17.0000 150.0000 7.0000
		 16.0000 148.0000 6.0000
		 24.0000 157.0000 0.0000
		 26.0000 117.0000 22.0000
		 26.0000 136.0000 17.0000
		 24.0000 148.0000 9.0000
		 24.0000 153.0000 4.0000
		 23.0000 156.0000 -1.0000
		 26.0000 119.0000 12.0000
		 25.0000 133.0000 9.0000
		 25.0000 144.0000 4.0000
		 25.0000 152.0000 0.0000
		 24.0000 151.0000 6.0000
		 25.0000 147.0000 3.0000
		 26.0000 124.0000 20.0000
		 26.0000 127.0000 13.0000
		 26.0000 133.0000 18.0000
		 23.0000 154.0000 4.0000
		 23.0000 151.0000 6.0000
		 23.0000 156.0000 1.0000
		 23.0000 154.0000 4.0000
		 23.0000 152.0000 6.0000
		 23.0000 157.0000 1.0000
		 23.0000 158.0000 1.0000
		 23.0000 158.0000 1.0000
		 25.0000 146.0000 10.0000
		 25.0000 142.0000 5.0000
		 24.0000 144.0000 12.0000
		 25.0000 138.0000 7.0000
		 27.0000 120.0000 16.0000
		 27.0000 134.0000 14.0000
		 26.0000 146.0000 8.0000
		 25.0000 149.0000 5.0000
		 27.0000 127.0000 16.0000
		 25.0000 153.0000 2.0000
		 24.0000 143.0000 13.0000
		 26.0000 141.0000 11.0000
		 27.0000 125.0000 16.0000
		 27.0000 131.0000 15.0000
		 22.0000 131.0000 21.0000
		 23.0000 128.0000 22.0000
		 25.0000 127.0000 21.0000
		 25.0000 131.0000 20.0000
		 26.0000 127.0000 19.0000
		 26.0000 130.0000 18.0000
		 24.0000 124.0000 22.0000
		 22.0000 123.0000 23.0000
		 24.0000 134.0000 18.0000
		 27.0000 128.0000 15.0000
		 25.0000 140.0000 6.0000
		 25.0000 139.0000 7.0000
		 26.0000 144.0000 9.0000
		 26.0000 142.0000 10.0000
		 23.0000 127.0000 22.0000
		 26.0000 126.0000 19.0000
		 25.0000 127.0000 21.0000
		 23.0000 150.0000 8.0000
		 22.0000 151.0000 7.0000
		 22.0000 151.0000 7.0000
		 22.0000 151.0000 7.0000
		 24.0000 151.0000 7.0000
		 24.0000 154.0000 4.0000
		 24.0000 118.0000 23.0000
		 26.0000 127.0000 13.0000
		 24.0000 125.0000 11.0000
		 24.0000 126.0000 11.0000
		 26.0000 129.0000 11.0000
		 26.0000 123.0000 12.0000
		 24.0000 127.0000 11.0000
		 24.0000 127.0000 11.0000
		 24.0000 126.0000 11.0000
		 26.0000 126.0000 13.0000
		 26.0000 128.0000 12.0000
		 22.0000 147.0000 12.0000
		 24.0000 150.0000 7.0000
		 26.0000 148.0000 6.0000
		 -32.0000 95.0000 19.0000
		 -30.0000 142.0000 3.0000
		 -31.0000 114.0000 19.0000
		 -32.0000 125.0000 16.0000
		 -31.0000 136.0000 9.0000
		 -30.0000 139.0000 5.0000
		 -30.0000 141.0000 2.0000
		 -32.0000 112.0000 12.0000
		 -32.0000 124.0000 9.0000
		 -31.0000 132.0000 6.0000
		 -31.0000 138.0000 3.0000
		 -31.0000 137.0000 7.0000
		 -31.0000 135.0000 4.0000
		 -31.0000 116.0000 18.0000
		 -31.0000 118.0000 13.0000
		 -31.0000 122.0000 17.0000
		 -27.0000 138.0000 0.0000
		 -27.0000 142.0000 3.0000
		 -27.0000 114.0000 21.0000
		 -27.0000 127.0000 17.0000
		 -28.0000 137.0000 10.0000
		 -27.0000 112.0000 10.0000
		 -28.0000 125.0000 7.0000
		 -28.0000 130.0000 4.0000
		 -27.0000 136.0000 0.0000
		 -28.0000 133.0000 2.0000
		 -27.0000 119.0000 21.0000
		 -27.0000 116.0000 12.0000
		 -27.0000 122.0000 19.0000
		 -27.0000 116.0000 12.0000
		 -27.0000 141.0000 1.0000
		 -27.0000 137.0000 8.0000
		 -30.0000 139.0000 6.0000
		 -30.0000 138.0000 7.0000
		 -29.0000 141.0000 4.0000
		 -27.0000 142.0000 4.0000
		 -27.0000 140.0000 7.0000
		 -27.0000 137.0000 8.0000
		 -30.0000 140.0000 6.0000
		 -30.0000 138.0000 7.0000
		 -29.0000 142.0000 4.0000
		 -27.0000 143.0000 5.0000
		 -29.0000 142.0000 3.0000
		 -27.0000 143.0000 3.0000
		 -29.0000 142.0000 3.0000
		 -27.0000 144.0000 4.0000
		 -31.0000 134.0000 10.0000
		 -31.0000 130.0000 7.0000
		 -28.0000 133.0000 13.0000
		 -28.0000 129.0000 6.0000
		 -31.0000 132.0000 12.0000
		 -31.0000 128.0000 8.0000
		 -28.0000 127.0000 6.0000
		 -32.0000 113.0000 16.0000
		 -32.0000 123.0000 14.0000
		 -32.0000 133.0000 8.0000
		 -32.0000 136.0000 6.0000
		 -32.0000 118.0000 15.0000
		 -31.0000 139.0000 4.0000
		 -31.0000 131.0000 12.0000
		 -28.0000 132.0000 13.0000
		 -32.0000 129.0000 11.0000
		 -27.0000 125.0000 18.0000
		 -27.0000 116.0000 21.0000
		 -32.0000 117.0000 16.0000
		 -32.0000 121.0000 15.0000
		 -29.0000 121.0000 19.0000
		 -29.0000 119.0000 20.0000
		 -31.0000 119.0000 19.0000
		 -30.0000 121.0000 18.0000
		 -31.0000 118.0000 18.0000
		 -31.0000 121.0000 17.0000
		 -30.0000 116.0000 20.0000
		 -29.0000 116.0000 21.0000
		 -30.0000 123.0000 17.0000
		 -27.0000 119.0000 10.0000
		 -32.0000 119.0000 15.0000
		 -27.0000 115.0000 11.0000
		 -31.0000 129.0000 8.0000
		 -28.0000 128.0000 7.0000
		 -31.0000 129.0000 8.0000
		 -28.0000 128.0000 7.0000
		 -32.0000 132.0000 9.0000
		 -32.0000 130.0000 11.0000
		 -31.0000 109.0000 19.0000
		 -27.0000 119.0000 21.0000
		 -29.0000 119.0000 20.0000
		 -31.0000 118.0000 18.0000
		 -31.0000 118.0000 19.0000
		 -30.0000 137.0000 9.0000
		 -29.0000 137.0000 8.0000
		 -29.0000 138.0000 8.0000
		 -27.0000 137.0000 8.0000
		 -29.0000 137.0000 8.0000
		 -30.0000 138.0000 8.0000
		 -30.0000 139.0000 6.0000
		 -29.0000 114.0000 20.0000
		 -27.0000 118.0000 11.0000
		 -27.0000 118.0000 11.0000
		 -31.0000 118.0000 13.0000
		 -30.0000 117.0000 12.0000
		 -30.0000 117.0000 12.0000
		 -31.0000 120.0000 12.0000
		 -31.0000 115.0000 12.0000
		 -30.0000 118.0000 12.0000
		 -30.0000 118.0000 12.0000
		 -27.0000 117.0000 11.0000
		 -30.0000 118.0000 12.0000
		 -31.0000 118.0000 13.0000
		 -31.0000 119.0000 13.0000
		 -30.0000 134.0000 11.0000
		 -31.0000 137.0000 8.0000
		 -32.0000 135.0000 7.0000
		 -24.0000 141.0000 3.0000
		 -22.0000 115.0000 19.0000
		 -23.0000 125.0000 16.0000
		 -25.0000 136.0000 10.0000
		 -24.0000 139.0000 5.0000
		 -24.0000 141.0000 2.0000
		 -22.0000 112.0000 12.0000
		 -24.0000 125.0000 10.0000
		 -24.0000 132.0000 5.0000
		 -24.0000 138.0000 3.0000
		 -24.0000 137.0000 7.0000
		 -24.0000 134.0000 5.0000
		 -22.0000 117.0000 18.0000
		 -23.0000 118.0000 13.0000
		 -23.0000 123.0000 17.0000
		 -25.0000 139.0000 6.0000
		 -25.0000 138.0000 7.0000
		 -25.0000 141.0000 4.0000
		 -25.0000 139.0000 6.0000
		 -25.0000 138.0000 7.0000
		 -25.0000 141.0000 4.0000
		 -25.0000 142.0000 3.0000
		 -25.0000 142.0000 3.0000
		 -25.0000 133.0000 10.0000
		 -24.0000 130.0000 7.0000
		 -24.0000 132.0000 12.0000
		 -24.0000 128.0000 8.0000
		 -21.0000 114.0000 16.0000
		 -22.0000 123.0000 14.0000
		 -24.0000 134.0000 8.0000
		 -24.0000 135.0000 6.0000
		 -22.0000 119.0000 15.0000
		 -24.0000 138.0000 5.0000
		 -24.0000 131.0000 12.0000
		 -23.0000 130.0000 11.0000
		 -22.0000 117.0000 16.0000
		 -22.0000 121.0000 15.0000
		 -26.0000 122.0000 20.0000
		 -25.0000 120.0000 20.0000
		 -23.0000 119.0000 19.0000
		 -24.0000 122.0000 19.0000
		 -23.0000 119.0000 18.0000
		 -23.0000 121.0000 17.0000
		 -24.0000 116.0000 20.0000
		 -25.0000 116.0000 21.0000
		 -24.0000 123.0000 18.0000
		 -22.0000 119.0000 15.0000
		 -24.0000 129.0000 8.0000
		 -24.0000 129.0000 8.0000
		 -24.0000 132.0000 9.0000
		 -23.0000 130.0000 10.0000
		 -22.0000 109.0000 19.0000
		 -25.0000 119.0000 21.0000
		 -23.0000 118.0000 18.0000
		 -23.0000 119.0000 19.0000
		 -25.0000 137.0000 9.0000
		 -26.0000 137.0000 8.0000
		 -26.0000 137.0000 8.0000
		 -26.0000 137.0000 8.0000
		 -25.0000 137.0000 8.0000
		 -25.0000 139.0000 6.0000
		 -24.0000 114.0000 21.0000
		 -23.0000 119.0000 13.0000
		 -24.0000 117.0000 12.0000
		 -24.0000 118.0000 12.0000
		 -23.0000 120.0000 12.0000
		 -23.0000 116.0000 13.0000
		 -24.0000 119.0000 12.0000
		 -24.0000 119.0000 12.0000
		 -24.0000 118.0000 12.0000
		 -23.0000 118.0000 14.0000
		 -23.0000 119.0000 13.0000
		 -25.0000 134.0000 11.0000
		 -24.0000 136.0000 8.0000
		 -24.0000 135.0000 7.0000
		 3.0000 96.0000 10.0000
		 9.0000 93.0000 10.0000
		 4.0000 99.0000 32.0000
		 4.0000 89.0000 30.0000
		 6.0000 99.0000 31.0000
		 1.0000 99.0000 30.0000
		 2.0000 89.0000 30.0000
		 2.0000 109.0000 28.0000
		 2.0000 99.0000 31.0000
		 6.0000 99.0000 31.0000
		 5.0000 109.0000 28.0000
		 4.0000 105.0000 30.0000
		 6.0000 104.0000 29.0000
		 1.0000 104.0000 29.0000
		 2.0000 104.0000 29.0000
		 5.0000 104.0000 29.0000
		 4.0000 94.0000 32.0000
		 2.0000 94.0000 30.0000
		 6.0000 94.0000 30.0000
		 6.0000 94.0000 30.0000
		 7.0000 99.0000 31.0000
		 7.0000 104.0000 29.0000
		 9.0000 107.0000 26.0000
		 1.0000 104.0000 29.0000
		 0.0000 99.0000 30.0000
		 7.0000 113.0000 25.0000
		 3.0000 58.0000 22.0000
		 21.0000 98.0000 30.0000
		 13.0000 88.0000 27.0000
		 20.0000 87.0000 26.0000
		 24.0000 97.0000 28.0000
		 22.0000 87.0000 25.0000
		 17.0000 97.0000 28.0000
		 18.0000 87.0000 26.0000
		 13.0000 103.0000 27.0000
		 20.0000 104.0000 28.0000
		 25.0000 103.0000 25.0000
		 23.0000 103.0000 26.0000
		 18.0000 103.0000 26.0000
		 19.0000 103.0000 27.0000
		 22.0000 103.0000 27.0000
		 22.0000 92.0000 27.0000
		 22.0000 90.0000 25.0000
		 23.0000 103.0000 27.0000
		 15.0000 103.0000 25.0000
		 17.0000 103.0000 27.0000
		 16.0000 97.0000 28.0000
		 18.0000 92.0000 27.0000
		 12.0000 58.0000 21.0000
		 9.0000 99.0000 30.0000
		 9.0000 104.0000 27.0000
		 11.0000 110.0000 19.0000
		 11.0000 105.0000 25.0000
		 5.0000 113.0000 27.0000
		 5.0000 119.0000 26.0000
		 -18.0000 94.0000 24.0000
		 -11.0000 97.0000 29.0000
		 -17.0000 87.0000 24.0000
		 -10.0000 88.0000 27.0000
		 -9.0000 97.0000 28.0000
		 -8.0000 88.0000 27.0000
		 -14.0000 96.0000 28.0000
		 -13.0000 88.0000 26.0000
		 -13.0000 96.0000 28.0000
		 -10.0000 97.0000 28.0000
		 -12.0000 102.0000 28.0000
		 -10.0000 101.0000 27.0000
		 -14.0000 101.0000 27.0000
		 -14.0000 101.0000 27.0000
		 -10.0000 101.0000 27.0000
		 -17.0000 90.0000 24.0000
		 -11.0000 91.0000 28.0000
		 -13.0000 91.0000 26.0000
		 -9.0000 91.0000 27.0000
		 -8.0000 91.0000 27.0000
		 -8.0000 97.0000 28.0000
		 -8.0000 101.0000 27.0000
		 -15.0000 101.0000 27.0000
		 -15.0000 96.0000 27.0000
		 -13.0000 91.0000 26.0000
		 -4.0000 98.0000 28.0000
		 -2.0000 89.0000 28.0000
		 -3.0000 92.0000 27.0000
		 -10.0000 57.0000 20.0000
		 -5.0000 88.0000 27.0000
		 -6.0000 97.0000 28.0000
		 -6.0000 92.0000 26.0000
		 -32.0000 99.0000 18.0000
		 -27.0000 101.0000 22.0000
		 -22.0000 104.0000 19.0000
		 -32.0000 91.0000 20.0000
		 -27.0000 92.0000 24.0000
		 -30.0000 85.0000 20.0000
		 -26.0000 86.0000 22.0000
		 -24.0000 92.0000 24.0000
		 -23.0000 86.0000 23.0000
		 -27.0000 85.0000 21.0000
		 -29.0000 100.0000 21.0000
		 -29.0000 92.0000 22.0000
		 -25.0000 101.0000 21.0000
		 -27.0000 96.0000 23.0000
		 -25.0000 96.0000 23.0000
		 -29.0000 95.0000 22.0000
		 -30.0000 86.0000 20.0000
		 -26.0000 88.0000 23.0000
		 -28.0000 87.0000 21.0000
		 -23.0000 88.0000 23.0000
		 -23.0000 92.0000 24.0000
		 -24.0000 96.0000 23.0000
		 -23.0000 100.0000 21.0000
		 -30.0000 99.0000 20.0000
		 -29.0000 95.0000 21.0000
		 -30.0000 91.0000 22.0000
		 -24.0000 109.0000 21.0000
		 -22.0000 59.0000 17.0000
		 -20.0000 93.0000 24.0000
		 -19.0000 89.0000 23.0000
		 -21.0000 86.0000 23.0000
		 -22.0000 92.0000 23.0000
		 -21.0000 89.0000 23.0000
		 -22.0000 96.0000 22.0000
		 -21.0000 100.0000 20.0000
		 -29.0000 109.0000 21.0000
		 -27.0000 109.0000 22.0000
		 -19.0000 87.0000 24.0000
		 -20.0000 99.0000 20.0000
		 -20.0000 97.0000 23.0000
		 4.0000 73.0000 25.0000
		 6.0000 73.0000 25.0000
		 12.0000 74.0000 24.0000
		 20.0000 74.0000 22.0000
		 24.0000 74.0000 20.0000
		 17.0000 74.0000 23.0000
		 -10.0000 73.0000 23.0000
		 -8.0000 73.0000 23.0000
		 -1.0000 73.0000 25.0000
		 -27.0000 74.0000 18.0000
		 -23.0000 73.0000 20.0000
		 -19.0000 74.0000 20.0000
		 -24.0000 73.0000 19.0000
		 -15.0000 73.0000 21.0000
		 -1.0000 113.0000 13.0000
		 -1.0000 115.0000 13.0000
		 4.0000 113.0000 13.0000
		 4.0000 116.0000 13.0000
		 8.0000 113.0000 13.0000
		 8.0000 116.0000 13.0000
		 11.0000 113.0000 20.0000
		 4.0000 114.0000 13.0000
		 -1.0000 102.0000 11.0000
		 4.0000 102.0000 11.0000
		 4.0000 109.0000 10.0000
		 8.0000 110.0000 11.0000
		 10.0000 116.0000 17.0000
		 10.0000 115.0000 16.0000
		 10.0000 114.0000 16.0000
		 10.0000 115.0000 17.0000
		 11.0000 113.0000 17.0000
		 8.0000 127.0000 13.0000
		 8.0000 123.0000 13.0000
		 7.0000 120.0000 14.0000
		 -1.0000 127.0000 13.0000
		 -1.0000 123.0000 13.0000
		 0.0000 120.0000 14.0000
		 -2.0000 110.0000 24.0000
		 -2.0000 115.0000 20.0000
		 -2.0000 119.0000 24.0000
		 -1.0000 120.0000 14.0000
		 -3.0000 121.0000 19.0000
		 -1.0000 108.0000 25.0000
		 0.0000 113.0000 25.0000
		 -3.0000 111.0000 20.0000
		 2.0000 113.0000 27.0000
		 3.0000 119.0000 26.0000
		 -3.0000 114.0000 20.0000
		 -3.0000 113.0000 15.0000
		 -2.0000 115.0000 15.0000
		 -2.0000 114.0000 15.0000
		 -3.0000 113.0000 15.0000
		 -2.0000 114.0000 16.0000
		 -3.0000 113.0000 16.0000
		 -1.0000 140.0000 9.0000
		 -1.0000 134.0000 12.0000
		 -2.0000 139.0000 13.0000
		 8.0000 134.0000 12.0000
		 10.0000 139.0000 13.0000
		 16.0000 111.0000 11.0000
		 16.0000 115.0000 11.0000
		 20.0000 108.0000 26.0000
		 20.0000 110.0000 10.0000
		 20.0000 112.0000 24.0000
		 20.0000 114.0000 10.0000
		 25.0000 109.0000 11.0000
		 26.0000 109.0000 22.0000
		 24.0000 113.0000 12.0000
		 27.0000 114.0000 16.0000
		 21.0000 96.0000 9.0000
		 19.0000 108.0000 25.0000
		 22.0000 107.0000 25.0000
		 24.0000 108.0000 24.0000
		 24.0000 112.0000 23.0000
		 26.0000 97.0000 25.0000
		 27.0000 104.0000 23.0000
		 27.0000 108.0000 15.0000
		 22.0000 112.0000 24.0000
		 12.0000 105.0000 22.0000
		 12.0000 109.0000 19.0000
		 16.0000 113.0000 12.0000
		 16.0000 114.0000 11.0000
		 20.0000 112.0000 10.0000
		 20.0000 113.0000 10.0000
		 24.0000 110.0000 11.0000
		 24.0000 112.0000 11.0000
		 26.0000 109.0000 15.0000
		 20.0000 101.0000 9.0000
		 25.0000 101.0000 10.0000
		 20.0000 108.0000 8.0000
		 25.0000 106.0000 10.0000
		 16.0000 109.0000 10.0000
		 26.0000 114.0000 14.0000
		 26.0000 109.0000 14.0000
		 26.0000 108.0000 14.0000
		 15.0000 109.0000 22.0000
		 14.0000 115.0000 17.0000
		 16.0000 108.0000 24.0000
		 17.0000 112.0000 23.0000
		 19.0000 112.0000 24.0000
		 13.0000 109.0000 18.0000
		 11.0000 113.0000 16.0000
		 14.0000 114.0000 14.0000
		 14.0000 114.0000 14.0000
		 13.0000 114.0000 16.0000
		 22.0000 118.0000 24.0000
		 19.0000 118.0000 24.0000
		 25.0000 119.0000 11.0000
		 16.0000 119.0000 11.0000
		 24.0000 123.0000 11.0000
		 16.0000 123.0000 11.0000
		 -16.0000 107.0000 12.0000
		 -16.0000 112.0000 12.0000
		 -12.0000 105.0000 26.0000
		 -11.0000 107.0000 11.0000
		 -12.0000 109.0000 25.0000
		 -11.0000 113.0000 12.0000
		 -15.0000 117.0000 24.0000
		 -6.0000 109.0000 12.0000
		 -6.0000 106.0000 23.0000
		 -6.0000 114.0000 13.0000
		 -5.0000 113.0000 18.0000
		 -6.0000 117.0000 22.0000
		 -6.0000 117.0000 13.0000
		 -5.0000 116.0000 18.0000
		 -8.0000 117.0000 24.0000
		 -16.0000 89.0000 8.0000
		 -10.0000 90.0000 10.0000
		 -5.0000 92.0000 11.0000
		 -15.0000 105.0000 25.0000
		 -9.0000 105.0000 25.0000
		 -7.0000 103.0000 24.0000
		 -8.0000 108.0000 24.0000
		 -4.0000 104.0000 27.0000
		 -3.0000 105.0000 24.0000
		 -6.0000 101.0000 26.0000
		 -4.0000 112.0000 17.0000
		 -5.0000 104.0000 24.0000
		 -10.0000 108.0000 24.0000
		 -18.0000 104.0000 23.0000
		 -18.0000 99.0000 23.0000
		 -16.0000 108.0000 12.0000
		 -16.0000 111.0000 12.0000
		 -11.0000 108.0000 12.0000
		 -11.0000 113.0000 12.0000
		 -6.0000 110.0000 12.0000
		 -6.0000 113.0000 13.0000
		 -5.0000 112.0000 17.0000
		 -11.0000 110.0000 12.0000
		 -11.0000 100.0000 13.0000
		 -6.0000 101.0000 12.0000
		 -11.0000 106.0000 11.0000
		 -6.0000 107.0000 12.0000
		 -4.0000 113.0000 14.0000
		 -5.0000 114.0000 14.0000
		 -5.0000 113.0000 14.0000
		 -4.0000 113.0000 15.0000
		 -17.0000 109.0000 23.0000
		 -18.0000 110.0000 19.0000
		 -17.0000 117.0000 22.0000
		 -16.0000 116.0000 13.0000
		 -18.0000 116.0000 18.0000
		 -17.0000 103.0000 24.0000
		 -15.0000 108.0000 24.0000
		 -14.0000 108.0000 25.0000
		 -11.0000 117.0000 24.0000
		 -18.0000 109.0000 19.0000
		 -19.0000 106.0000 18.0000
		 -18.0000 108.0000 17.0000
		 -16.0000 112.0000 13.0000
		 -16.0000 111.0000 13.0000
		 -17.0000 108.0000 13.0000
		 -18.0000 109.0000 17.0000
		 -18.0000 108.0000 17.0000
		 -19.0000 100.0000 20.0000
		 -19.0000 104.0000 18.0000
		 14.0000 106.0000 22.0000
		 9.0000 101.0000 11.0000
		 11.0000 113.0000 14.0000
		 14.0000 113.0000 13.0000
		 11.0000 109.0000 11.0000
		 13.0000 109.0000 10.0000
		 13.0000 109.0000 18.0000
		 13.0000 113.0000 16.0000
		 17.0000 101.0000 9.0000
		 14.0000 101.0000 11.0000
		 11.0000 101.0000 11.0000
		 -4.0000 113.0000 15.0000
		 -1.0000 94.0000 10.0000
		 -2.0000 110.0000 11.0000
		 -3.0000 113.0000 14.0000
		 -31.0000 95.0000 10.0000
		 -30.0000 101.0000 10.0000
		 -27.0000 98.0000 10.0000
		 -27.0000 103.0000 10.0000
		 -27.0000 106.0000 10.0000
		 -23.0000 102.0000 10.0000
		 -24.0000 105.0000 11.0000
		 -20.0000 108.0000 17.0000
		 -21.0000 109.0000 16.0000
		 -29.0000 84.0000 6.0000
		 -25.0000 86.0000 6.0000
		 -21.0000 87.0000 6.0000
		 -17.0000 105.0000 12.0000
		 -31.0000 96.0000 10.0000
		 -30.0000 101.0000 10.0000
		 -27.0000 98.0000 10.0000
		 -27.0000 102.0000 10.0000
		 -23.0000 102.0000 10.0000
		 -24.0000 104.0000 10.0000
		 -27.0000 100.0000 9.0000
		 -31.0000 91.0000 8.0000
		 -27.0000 92.0000 6.0000
		 -27.0000 96.0000 8.0000
		 -23.0000 99.0000 9.0000
		 -31.0000 94.0000 9.0000
		 -19.0000 102.0000 10.0000
		 -22.0000 106.0000 12.0000
		 -21.0000 105.0000 12.0000
		 -20.0000 103.0000 12.0000
		 -20.0000 105.0000 15.0000
		 -19.0000 104.0000 13.0000
		 -22.0000 107.0000 12.0000
		 -31.0000 106.0000 12.0000
		 -34.0000 99.0000 16.0000
		 -32.0000 108.0000 16.0000
		 -33.0000 95.0000 16.0000
		 -33.0000 91.0000 16.0000
		 -34.0000 94.0000 12.0000
		 -33.0000 99.0000 13.0000
		 -33.0000 95.0000 13.0000
		 -33.0000 95.0000 13.0000
		 -20.0000 106.0000 18.0000
		 -17.0000 106.0000 13.0000
		 -18.0000 105.0000 13.0000
		 -22.0000 94.0000 8.0000
		 -17.0000 97.0000 11.0000
		 -32.0000 86.0000 17.0000
		 -28.0000 57.0000 3.0000
		 -32.0000 74.0000 8.0000
		 -29.0000 83.0000 6.0000
		 -16.0000 60.0000 -8.0000
		 -27.0000 77.0000 1.0000
		 -27.0000 59.0000 14.0000
		 -30.0000 74.0000 15.0000
		 -33.0000 81.0000 10.0000
		 -31.0000 82.0000 16.0000
		 -33.0000 80.0000 10.0000
		 -34.0000 91.0000 12.0000
		 27.0000 100.0000 12.0000
		 27.0000 105.0000 15.0000
		 27.0000 105.0000 13.0000
		 28.0000 99.0000 14.0000
		 27.0000 96.0000 13.0000
		 30.0000 91.0000 21.0000
		 29.0000 93.0000 22.0000
		 28.0000 97.0000 22.0000
		 35.0000 94.0000 0.0000
		 16.0000 127.0000 -2.0000
		 25.0000 120.0000 -2.0000
		 20.0000 124.0000 -2.0000
		 14.0000 126.0000 -3.0000
		 19.0000 114.0000 -2.0000
		 16.0000 122.0000 -1.0000
		 34.0000 98.0000 -2.0000
		 23.0000 97.0000 0.0000
		 22.0000 121.0000 -2.0000
		 17.0000 118.0000 -1.0000
		 31.0000 108.0000 0.0000
		 12.0000 123.0000 -7.0000
		 16.0000 129.0000 -7.0000
		 36.0000 94.0000 -6.0000
		 25.0000 121.0000 -7.0000
		 20.0000 91.0000 -6.0000
		 17.0000 111.0000 -7.0000
		 12.0000 120.0000 -7.0000
		 36.0000 98.0000 -7.0000
		 20.0000 96.0000 -6.0000
		 14.0000 116.0000 -7.0000
		 34.0000 115.0000 -7.0000
		 31.0000 116.0000 -7.0000
		 14.0000 127.0000 -7.0000
		 23.0000 121.0000 -7.0000
		 20.0000 124.0000 -3.0000
		 22.0000 122.0000 -3.0000
		 17.0000 127.0000 -3.0000
		 17.0000 128.0000 -7.0000
		 22.0000 125.0000 -7.0000
		 23.0000 122.0000 -7.0000
		 20.0000 124.0000 -3.0000
		 22.0000 122.0000 -3.0000
		 17.0000 127.0000 -3.0000
		 18.0000 130.0000 -7.0000
		 16.0000 128.0000 -3.0000
		 17.0000 130.0000 -7.0000
		 17.0000 129.0000 -3.0000
		 17.0000 130.0000 -7.0000
		 26.0000 118.0000 -1.0000
		 21.0000 110.0000 -2.0000
		 29.0000 118.0000 -7.0000
		 20.0000 108.0000 -7.0000
		 28.0000 115.0000 -1.0000
		 26.0000 92.0000 3.0000
		 23.0000 117.0000 0.0000
		 20.0000 120.0000 -1.0000
		 27.0000 110.0000 0.0000
		 18.0000 123.0000 -1.0000
		 21.0000 100.0000 -6.0000
		 27.0000 98.0000 1.0000
		 35.0000 108.0000 -7.0000
		 28.0000 108.0000 0.0000
		 31.0000 116.0000 -5.0000
		 33.0000 114.0000 -4.0000
		 32.0000 113.0000 -1.0000
		 30.0000 115.0000 -2.0000
		 30.0000 111.0000 -1.0000
		 29.0000 114.0000 -1.0000
		 33.0000 108.0000 -2.0000
		 34.0000 108.0000 -4.0000
		 26.0000 111.0000 0.0000
		 23.0000 108.0000 -2.0000
		 21.0000 107.0000 -7.0000
		 23.0000 108.0000 -2.0000
		 21.0000 107.0000 -7.0000
		 24.0000 115.0000 0.0000
		 26.0000 112.0000 0.0000
		 32.0000 105.0000 0.0000
		 23.0000 101.0000 -1.0000
		 36.0000 104.0000 -7.0000
		 28.0000 103.0000 1.0000
		 34.0000 114.0000 -7.0000
		 33.0000 113.0000 -4.0000
		 31.0000 111.0000 0.0000
		 32.0000 112.0000 -1.0000
		 24.0000 121.0000 -3.0000
		 23.0000 121.0000 -5.0000
		 23.0000 122.0000 -5.0000
		 24.0000 121.0000 -7.0000
		 24.0000 121.0000 -4.0000
		 23.0000 122.0000 -3.0000
		 20.0000 124.0000 -2.0000
		 34.0000 104.0000 -3.0000
		 20.0000 105.0000 -7.0000
		 23.0000 106.0000 -1.0000
		 27.0000 120.0000 -4.0000
		 23.0000 120.0000 -2.0000
		 22.0000 118.0000 0.0000
		 35.0000 91.0000 -13.0000
		 16.0000 127.0000 -11.0000
		 25.0000 120.0000 -11.0000
		 20.0000 124.0000 -11.0000
		 21.0000 91.0000 -13.0000
		 14.0000 126.0000 -11.0000
		 19.0000 114.0000 -12.0000
		 16.0000 122.0000 -12.0000
		 33.0000 97.0000 -13.0000
		 22.0000 96.0000 -13.0000
		 22.0000 121.0000 -11.0000
		 17.0000 118.0000 -12.0000
		 31.0000 108.0000 -13.0000
		 20.0000 124.0000 -10.0000
		 22.0000 122.0000 -10.0000
		 17.0000 127.0000 -10.0000
		 20.0000 124.0000 -10.0000
		 22.0000 122.0000 -10.0000
		 17.0000 127.0000 -10.0000
		 16.0000 128.0000 -10.0000
		 17.0000 129.0000 -10.0000
		 26.0000 118.0000 -12.0000
		 21.0000 110.0000 -12.0000
		 28.0000 115.0000 -13.0000
		 30.0000 92.0000 -16.0000
		 23.0000 117.0000 -13.0000
		 20.0000 120.0000 -13.0000
		 26.0000 111.0000 -14.0000
		 18.0000 123.0000 -12.0000
		 29.0000 97.0000 -15.0000
		 28.0000 108.0000 -14.0000
		 31.0000 116.0000 -9.0000
		 33.0000 114.0000 -10.0000
		 32.0000 113.0000 -12.0000
		 30.0000 115.0000 -11.0000
		 30.0000 111.0000 -13.0000
		 29.0000 114.0000 -13.0000
		 33.0000 108.0000 -11.0000
		 34.0000 108.0000 -9.0000
		 23.0000 108.0000 -11.0000
		 23.0000 108.0000 -11.0000
		 24.0000 115.0000 -13.0000
		 26.0000 112.0000 -14.0000
		 32.0000 105.0000 -13.0000
		 23.0000 100.0000 -12.0000
		 29.0000 103.0000 -15.0000
		 33.0000 113.0000 -10.0000
		 31.0000 111.0000 -13.0000
		 32.0000 112.0000 -12.0000
		 24.0000 121.0000 -10.0000
		 23.0000 121.0000 -9.0000
		 23.0000 122.0000 -8.0000
		 24.0000 121.0000 -9.0000
		 23.0000 122.0000 -11.0000
		 20.0000 124.0000 -11.0000
		 34.0000 104.0000 -10.0000
		 23.0000 106.0000 -12.0000
		 27.0000 120.0000 -9.0000
		 23.0000 120.0000 -11.0000
		 22.0000 118.0000 -13.0000
		 29.0000 116.0000 -10.0000
		 29.0000 116.0000 -3.0000
		 25.0000 60.0000 10.0000
		 25.0000 56.0000 -6.0000
		 11.0000 52.0000 -8.0000
		 29.0000 61.0000 0.0000
		 1.0000 65.0000 -4.0000
		 28.0000 61.0000 -6.0000
		 7.0000 65.0000 -6.0000
		 26.0000 61.0000 -10.0000
		 12.0000 64.0000 -12.0000
		 21.0000 62.0000 -12.0000
		 35.0000 84.0000 1.0000
		 11.0000 88.0000 1.0000
		 13.0000 87.0000 -8.0000
		 17.0000 82.0000 -14.0000
		 29.0000 85.0000 -16.0000
		 30.0000 88.0000 20.0000
		 24.0000 97.0000 9.0000
		 1.0000 56.0000 -5.0000
		 17.0000 49.0000 -5.0000
		 1.0000 65.0000 -4.0000
		 28.0000 77.0000 15.0000
		 29.0000 92.0000 6.0000
		 20.0000 93.0000 3.0000
		 19.0000 91.0000 -7.0000
		 26.0000 92.0000 4.0000
		 21.0000 91.0000 -13.0000
		 17.0000 92.0000 2.0000
		 17.0000 92.0000 -8.0000
		 20.0000 88.0000 -13.0000
		 29.0000 94.0000 11.0000
		 24.0000 96.0000 8.0000
		 25.0000 97.0000 8.0000
		 18.0000 94.0000 7.0000
		 28.0000 84.0000 -16.0000
		 25.0000 76.0000 -15.0000
		 32.0000 80.0000 -15.0000
		 20.0000 52.0000 -7.0000
		 29.0000 89.0000 7.0000
		 28.0000 95.0000 12.0000
		 28.0000 95.0000 12.0000
		 26.0000 88.0000 22.0000
		 19.0000 59.0000 18.0000
		 18.0000 95.0000 7.0000
		 6.0000 90.0000 8.0000
		 -16.0000 88.0000 8.0000
		 -10.0000 89.0000 10.0000
		 -5.0000 91.0000 11.0000
		 -1.0000 93.0000 10.0000
		 11.0000 89.0000 5.0000
		 -7.0000 81.0000 7.0000
		 -25.0000 85.0000 6.0000
		 -21.0000 87.0000 6.0000
		 -1.0000 82.0000 7.0000
		 -17.0000 79.0000 4.0000
		 -22.0000 78.0000 1.0000
		 -3.0000 64.0000 -5.0000
		 5.0000 74.0000 1.0000
		 5.0000 74.0000 0.0000
		 10.0000 90.0000 5.0000
		 21.0000 96.0000 7.0000
		 31.0000 82.0000 8.0000
		 29.0000 92.0000 5.0000
		 30.0000 89.0000 7.0000
		 31.0000 82.0000 8.0000
		 34.0000 89.0000 1.0000
		 31.0000 89.0000 6.0000
		 31.0000 98.0000 0.0000
		 27.0000 117.0000 -11.0000
		 27.0000 118.0000 -2.0000
		 30.0000 89.0000 7.0000
		 -21.0000 50.0000 2.0000
		 -15.0000 50.0000 -5.0000
		 -3.0000 51.0000 -6.0000
		 -22.0000 48.0000 13.0000
		 -23.0000 50.0000 7.0000
		 -10.0000 62.0000 -7.0000
		 -9.0000 50.0000 -6.0000
		 -19.0000 50.0000 -3.0000
		 -22.0000 60.0000 -6.0000
		 10.0000 51.0000 -7.0000
		 6.0000 53.0000 -7.0000
		 10.0000 73.0000 -6.0000
		 29.0000 74.0000 -14.0000
		 3.0000 16.0000 24.0000
		 12.0000 16.0000 23.0000
		 -9.0000 16.0000 25.0000
		 -17.0000 16.0000 20.0000
		 19.0000 17.0000 19.0000
		 22.0000 18.0000 11.0000
		 2.0000 21.0000 -7.0000
		 16.0000 20.0000 -2.0000
		 -23.0000 22.0000 1.0000
		 -17.0000 23.0000 -4.0000
		 -6.0000 21.0000 -8.0000
		 -20.0000 17.0000 15.0000
		 -23.0000 20.0000 9.0000
		 -8.0000 22.0000 -8.0000
		 5.0000 20.0000 -5.0000
		 23.0000 51.0000 0.0000
		 23.0000 47.0000 0.0000
		 19.0000 52.0000 18.0000
		 22.0000 47.0000 10.0000
		 21.0000 19.0000 3.0000
		 2.0000 56.0000 -5.0000
		 6.0000 52.0000 -7.0000
		 -3.0000 50.0000 -6.0000
		 -10.0000 49.0000 -6.0000
		 -15.0000 49.0000 -5.0000
		 -19.0000 49.0000 -3.0000
		 -21.0000 48.0000 1.0000
		 -22.0000 45.0000 7.0000
		 -22.0000 46.0000 13.0000
		 -30.0000 85.0000 6.0000
		 -26.0000 88.0000 6.0000
		 -22.0000 90.0000 6.0000
		 -17.0000 92.0000 9.0000
		 -11.0000 94.0000 11.0000
		 -6.0000 96.0000 10.0000
		 -1.0000 98.0000 10.0000
		 4.0000 99.0000 11.0000
		 -19.0000 71.0000 -2.0000
		 -15.0000 74.0000 1.0000
		 -6.0000 78.0000 6.0000
		 -5.0000 77.0000 5.0000
		 -14.0000 73.0000 0.0000
		 -1.0000 83.0000 8.0000
		 -13.0000 70.0000 -2.0000
		 -18.0000 68.0000 -4.0000
		 -24.0000 65.0000 -4.0000
		 -5.0000 76.0000 3.0000
		 8.0000 90.0000 7.0000
		 0.0000 81.0000 6.0000
		 31.0000 67.0000 0.0000
		 32.0000 69.0000 -6.0000
		 29.0000 66.0000 -10.0000
		 14.0000 71.0000 -13.0000
		 29.0000 68.0000 8.0000
		 23.0000 67.0000 -14.0000
		 34.0000 75.0000 -3.0000
		 37.0000 76.0000 -7.0000
		 36.0000 91.0000 -3.0000
		 36.0000 93.0000 -6.0000
		 36.0000 91.0000 -9.0000
		 36.0000 85.0000 -1.0000
		 37.0000 85.0000 -9.0000
		 36.0000 87.0000 -10.0000
		 34.0000 84.0000 -15.0000
		 36.0000 88.0000 -1.0000
		 36.0000 82.0000 -3.0000
		 37.0000 81.0000 -7.0000
		 37.0000 89.0000 -3.0000
		 37.0000 89.0000 -6.0000
		 37.0000 88.0000 -8.0000
		 37.0000 86.0000 -6.0000
		 37.0000 87.0000 -3.0000
		 37.0000 86.0000 -3.0000
		 37.0000 84.0000 -8.0000
		 36.0000 84.0000 -10.0000
		 36.0000 85.0000 -11.0000
		 36.0000 83.0000 -12.0000
		 36.0000 83.0000 -11.0000
		 33.0000 82.0000 3.0000
		 33.0000 73.0000 1.0000
		 33.0000 73.0000 1.0000
		 34.0000 83.0000 2.0000
		 32.0000 89.0000 4.0000
		 33.0000 89.0000 3.0000
		 31.0000 92.0000 4.0000
		 26.0000 96.0000 3.0000
		 22.0000 95.0000 1.0000
		 30.0000 94.0000 3.0000
		 32.0000 92.0000 3.0000
		 30.0000 95.0000 3.0000
		 26.0000 96.0000 3.0000
		 35.0000 97.0000 -10.0000
		 36.0000 93.0000 -9.0000
		 35.0000 79.0000 -12.0000
		 32.0000 72.0000 -10.0000
		 34.0000 87.0000 -14.0000
		 30.0000 89.0000 -16.0000
		 26.0000 68.0000 14.0000
		 20.0000 57.0000 -10.0000
		 27.0000 57.0000 0.0000
		 24.0000 52.0000 10.0000
		 3.0000 39.0000 23.0000
		 12.0000 38.0000 21.0000
		 -9.0000 38.0000 22.0000
		 17.0000 46.0000 -5.0000
		 11.0000 48.0000 -7.0000
		 -18.0000 43.0000 17.0000
		 20.0000 38.0000 18.0000
		 22.0000 39.0000 10.0000
		 4.0000 46.0000 -7.0000
		 -22.0000 41.0000 1.0000
		 -16.0000 42.0000 -5.0000
		 -22.0000 43.0000 13.0000
		 -24.0000 41.0000 7.0000
		 -7.0000 44.0000 -6.0000
		 -3.0000 45.0000 -8.0000
		 -19.0000 49.0000 17.0000
		 -22.0000 51.0000 14.0000
		 -20.0000 52.0000 16.0000
		 -25.0000 52.0000 2.0000
		 -16.0000 54.0000 -6.0000
		 -25.0000 51.0000 7.0000
		 -10.0000 55.0000 -7.0000
		 -20.0000 53.0000 -5.0000
		 -3.0000 56.0000 -7.0000
		 -4.0000 111.0000 17.0000
		 -4.0000 104.0000 24.0000
		 -3.0000 111.0000 17.0000
		 -5.0000 104.0000 24.0000
		 5.0000 -168.0000 31.0000
		 -11.0000 -168.0000 30.0000
		 -20.0000 -168.0000 22.0000
		 18.0000 -168.0000 29.0000
		 32.0000 -167.0000 10.0000
		 20.0000 -167.0000 -9.0000
		 -21.0000 -167.0000 -6.0000
		 -8.0000 -167.0000 -17.0000
		 -24.0000 -167.0000 8.0000
		 9.0000 -167.0000 -16.0000
		 30.0000 -167.0000 2.0000
		 -18.0000 104.0000 12.0000
		 3.0000 29.0000 24.0000
		 13.0000 29.0000 22.0000
		 -9.0000 32.0000 23.0000
		 -17.0000 22.0000 20.0000
		 20.0000 30.0000 18.0000
		 21.0000 30.0000 11.0000
		 2.0000 32.0000 -7.0000
		 16.0000 32.0000 -2.0000
		 -23.0000 32.0000 0.0000
		 -16.0000 33.0000 -4.0000
		 -5.0000 32.0000 -8.0000
		 -21.0000 22.0000 16.0000
		 -23.0000 30.0000 7.0000
		 -7.0000 32.0000 -7.0000
		 5.0000 32.0000 -5.0000
		 -16.0000 37.0000 20.0000
		 -19.0000 39.0000 19.0000
		 -21.0000 38.0000 15.0000
		 -22.0000 37.0000 12.0000
		 -16.0000 34.0000 21.0000
		 -19.0000 34.0000 20.0000
		 -21.0000 34.0000 16.0000
		 -22.0000 35.0000 12.0000
		 13.0000 111.0000 12.0000
		 11.0000 111.0000 12.0000
		 2.0000 2.0000 25.0000
		 13.0000 4.0000 24.0000
		 -11.0000 -4.0000 25.0000
		 -19.0000 -4.0000 19.0000
		 20.0000 5.0000 19.0000
		 23.0000 6.0000 10.0000
		 1.0000 6.0000 -8.0000
		 16.0000 7.0000 -2.0000
		 -25.0000 -2.0000 0.0000
		 -19.0000 0.0000 -5.0000
		 -7.0000 4.0000 -10.0000
		 -22.0000 -4.0000 15.0000
		 -26.0000 -3.0000 7.0000
		 -8.0000 3.0000 -9.0000
		 3.0000 6.0000 -6.0000
		 22.0000 7.0000 3.0000
		 6.0000 89.0000 30.0000
		 6.0000 92.0000 29.0000
		 10.0000 88.0000 28.0000
		 9.0000 93.0000 28.0000
		 7.0000 96.0000 31.0000
		 6.0000 97.0000 30.0000
		 1.0000 94.0000 30.0000
		 1.0000 96.0000 30.0000
		 2.0000 92.0000 29.0000
		 1.0000 96.0000 30.0000
		 13.0000 97.0000 28.0000
		 21.0000 92.0000 28.0000
		 18.0000 95.0000 28.0000
		 23.0000 95.0000 27.0000
		 13.0000 91.0000 26.0000
		 23.0000 92.0000 26.0000
		 17.0000 95.0000 28.0000
		 26.0000 91.0000 23.0000
		 18.0000 97.0000 29.0000
		 23.0000 97.0000 28.0000
		 24.0000 97.0000 28.0000
		 24.0000 95.0000 27.0000
		 26.0000 93.0000 3.0000
		 21.0000 93.0000 2.0000
		 30.0000 92.0000 5.0000
		 21.0000 94.0000 2.0000
		 29.0000 92.0000 5.0000
		 26.0000 94.0000 3.0000
		 -5.0000 117.0000 14.0000
		 -5.0000 121.0000 14.0000
		 -6.0000 125.0000 14.0000
		 -5.0000 113.0000 16.0000
		 -7.0000 111.0000 12.0000
		 -5.0000 109.0000 12.0000
		 0.0000 -110.0000 36.0000
		 -17.0000 -112.0000 33.0000
		 -26.0000 -113.0000 22.0000
		 21.0000 -106.0000 32.0000
		 37.0000 -104.0000 12.0000
		 22.0000 -106.0000 -14.0000
		 -30.0000 -113.0000 -5.0000
		 -25.0000 -112.0000 -15.0000
		 -10.0000 -112.0000 -20.0000
		 -31.0000 -113.0000 8.0000
		 6.0000 -108.0000 -21.0000
		 33.0000 -104.0000 -2.0000
		 2.0000 -47.0000 30.0000
		 -13.0000 -47.0000 29.0000
		 -22.0000 -45.0000 21.0000
		 17.0000 -42.0000 26.0000
		 26.0000 -36.0000 13.0000
		 4.0000 -37.0000 -13.0000
		 15.0000 -35.0000 -7.0000
		 -25.0000 -37.0000 -3.0000
		 -21.0000 -37.0000 -10.0000
		 -8.0000 -37.0000 -12.0000
		 -26.0000 -41.0000 9.0000
		 25.0000 -34.0000 0.0000
		 16.0000 42.0000 -4.0000
		 11.0000 42.0000 -6.0000
		 22.0000 41.0000 1.0000
		 16.0000 38.0000 -4.0000
		 11.0000 38.0000 -5.0000
		 21.0000 33.0000 3.0000
		 3.0000 36.0000 -7.0000
		 5.0000 37.0000 -6.0000
		 16.0000 30.0000 -2.0000
		 5.0000 30.0000 -5.0000
		 6.0000 42.0000 -6.0000
		 1.0000 -143.0000 38.0000
		 -14.0000 -144.0000 32.0000
		 -24.0000 -146.0000 20.0000
		 20.0000 -141.0000 32.0000
		 38.0000 -142.0000 13.0000
		 25.0000 -145.0000 -13.0000
		 -9.0000 -147.0000 -22.0000
		 -28.0000 -148.0000 7.0000
		 9.0000 -146.0000 -18.0000
		 36.0000 -144.0000 0.0000
		 -23.0000 -148.0000 -14.0000
	}
	face 1769 {
		3 V(55 85 88) M(0)
		3 V(12 8 25) M(0)
		3 V(9 12 29) M(0)
		3 V(0 6 34) M(0)
		3 V(39 38 0) M(0)
		3 V(6 9 26) M(0)
		3 V(36 38 44) M(1)
		3 V(44 45 40) M(1)
		3 V(37 36 42) M(1)
		3 V(45 44 48) M(1)
		3 V(44 38 46) M(1)
		3 V(38 39 47) M(1)
		3 V(46 47 49) M(1)
		3 V(8 51 53) M(0)
		3 V(11 60 62) M(0)
		3 V(12 9 62) M(0)
		3 V(50 87 59) M(0)
		3 V(50 54 88) M(0)
		3 V(0 4 62) M(0)
		3 V(0 62 9) M(0)
		3 V(2 63 64) M(0)
		3 V(54 52 64) M(0)
		3 V(54 63 65) M(0)
		3 V(2 58 65) M(0)
		3 V(941 55 88) M(0)
		3 V(72 71 32) M(0)
		3 V(74 71 72) M(0)
		3 V(76 74 73) M(0)
		3 V(13 1 57) M(0)
		3 V(58 2 15) M(0)
		3 V(78 102 1) M(0)
		3 V(15 2 79) M(0)
		3 V(71 74 79) M(0)
		3 V(79 67 32) M(0)
		3 V(74 76 15) M(0)
		3 V(67 79 2) M(0)
		3 V(70 15 76) M(0)
		3 V(81 76 75) M(0)
		3 V(109 69 57) M(0)
		3 V(55 56 86) M(0)
		3 V(53 51 83) M(0)
		3 V(84 83 85) M(0)
		3 V(83 87 88) M(0)
		3 V(78 91 90) M(0)
		3 V(72 30 90) M(0)
		3 V(72 91 93) M(0)
		3 V(78 77 93) M(0)
		3 V(77 92 93) M(0)
		3 V(93 92 75) M(0)
		3 V(92 69 61) M(0)
		3 V(92 77 1) M(0)
		3 V(78 68 19) M(0)
		3 V(43 42 96) M(1)
		3 V(96 95 37) M(1)
		3 V(96 41 35) M(1)
		3 V(42 40 41) M(1)
		3 V(99 37 95) M(0)
		3 V(98 95 35) M(0)
		3 V(98 97 21) M(0)
		3 V(38 36 100) M(0)
		3 V(37 99 100) M(0)
		3 V(11 4 100) M(0)
		3 V(38 100 4) M(0)
		3 V(33 107 106) M(0)
		3 V(111 110 103) M(0)
		3 V(105 81 61) M(0)
		3 V(13 69 92) M(0)
		3 V(110 113 112) M(0)
		3 V(107 33 112) M(0)
		3 V(14 107 113) M(0)
		3 V(110 105 113) M(0)
		3 V(61 114 14) M(0)
		3 V(69 109 114) M(0)
		3 V(14 114 106) M(0)
		3 V(105 115 81) M(0)
		3 V(115 105 110) M(0)
		3 V(70 81 115) M(0)
		3 V(116 52 54) M(0)
		3 V(94 21 116) M(0)
		3 V(54 50 3) M(0)
		3 V(117 11 99) M(0)
		3 V(83 51 59) M(0)
		3 V(118 59 51) M(0)
		3 V(8 12 60) M(0)
		3 V(118 117 3) M(0)
		3 V(11 117 118) M(0)
		3 V(99 98 94) M(0)
		3 V(99 94 3) M(0)
		3 V(173 171 148) M(0)
		3 V(29 25 128) M(0)
		3 V(26 29 133) M(0)
		3 V(17 34 125) M(0)
		3 V(17 119 139) M(0)
		3 V(16 26 129) M(0)
		3 V(140 142 139) M(1)
		3 V(140 40 45) M(1)
		3 V(141 140 137) M(1)
		3 V(49 144 142) M(1)
		3 V(144 143 139) M(1)
		3 V(143 47 39) M(1)
		3 V(144 49 47) M(1)
		3 V(25 53 146) M(0)
		3 V(127 148 56) M(0)
		3 V(123 154 152) M(0)
		3 V(152 154 129) M(0)
		3 V(122 151 172) M(0)
		3 V(172 173 147) M(0)
		3 V(154 123 119) M(0)
		3 V(125 129 154) M(0)
		3 V(20 64 155) M(0)
		3 V(155 64 52) M(0)
		3 V(173 156 155) M(0)
		3 V(155 156 150) M(0)
		3 V(156 173 148) M(0)
		3 V(30 32 160) M(0)
		3 V(162 161 160) M(0)
		3 V(164 162 163) M(0)
		3 V(158 149 120) M(0)
		3 V(159 136 121) M(0)
		3 V(166 120 187) M(0)
		3 V(168 121 136) M(0)
		3 V(168 163 160) M(0)
		3 V(160 32 67) M(0)
		3 V(168 136 165) M(0)
		3 V(20 121 168) M(0)
		3 V(169 165 136) M(0)
		3 V(153 164 165) M(0)
		3 V(126 149 158) M(0)
		3 V(171 86 56) M(0)
		3 V(84 170 146) M(0)
		3 V(86 171 170) M(0)
		3 V(171 173 172) M(0)
		3 V(120 174 186) M(0)
		3 V(130 174 176) M(0)
		3 V(176 174 120) M(0)
		3 V(126 175 176) M(0)
		3 V(68 90 177) M(0)
		3 V(177 90 30) M(0)
		3 V(162 179 177) M(0)
		3 V(177 179 166) M(0)
		3 V(179 178 166) M(0)
		3 V(162 164 178) M(0)
		3 V(164 153 158) M(0)
		3 V(134 120 166) M(0)
		3 V(187 19 68) M(0)
		3 V(182 140 141) M(1)
		3 V(141 138 181) M(1)
		3 V(181 35 41) M(1)
		3 V(182 41 40) M(1)
		3 V(183 181 138) M(0)
		3 V(97 35 181) M(0)
		3 V(180 21 97) M(0)
		3 V(185 137 139) M(0)
		3 V(137 185 184) M(0)
		3 V(184 185 123) M(0)
		3 V(119 123 185) M(0)
		3 V(31 189 190) M(0)
		3 V(104 103 193) M(0)
		3 V(135 153 169) M(0)
		3 V(178 158 134) M(0)
		3 V(103 112 195) M(0)
		3 V(195 112 33) M(0)
		3 V(188 195 190) M(0)
		3 V(195 188 193) M(0)
		3 V(135 196 153) M(0)
		3 V(153 196 192) M(0)
		3 V(190 189 196) M(0)
		3 V(169 197 188) M(0)
		3 V(194 193 188) M(0)
		3 V(191 197 169) M(0)
		3 V(147 52 198) M(0)
		3 V(122 198 21) M(0)
		3 V(198 122 145) M(0)
		3 V(184 132 199) M(0)
		3 V(172 151 146) M(0)
		3 V(128 146 151) M(0)
		3 V(200 152 133) M(0)
		3 V(151 122 199) M(0)
		3 V(152 200 199) M(0)
		3 V(180 183 184) M(0)
		3 V(199 122 180) M(0)
		3 V(116 21 198) M(0)
		3 V(6 16 125) M(0)
		3 V(251 281 284) M(0)
		3 V(212 209 223) M(0)
		3 V(210 212 225) M(0)
		3 V(201 206 230) M(0)
		3 V(235 234 201) M(0)
		3 V(206 210 224) M(0)
		3 V(232 234 240) M(1)
		3 V(240 241 236) M(1)
		3 V(233 232 238) M(1)
		3 V(241 240 244) M(1)
		3 V(240 234 242) M(1)
		3 V(234 235 243) M(1)
		3 V(242 243 245) M(1)
		3 V(209 247 249) M(0)
		3 V(222 252 251) M(0)
		3 V(211 256 258) M(0)
		3 V(212 210 258) M(0)
		3 V(246 283 255) M(0)
		3 V(246 250 284) M(0)
		3 V(201 205 258) M(0)
		3 V(201 258 210) M(0)
		3 V(203 259 260) M(0)
		3 V(250 248 260) M(0)
		3 V(250 259 261) M(0)
		3 V(203 254 261) M(0)
		3 V(208 251 284) M(0)
		3 V(207 1047 262) M(0)
		3 V(268 267 228) M(0)
		3 V(270 267 268) M(0)
		3 V(272 270 269) M(0)
		3 V(213 202 253) M(0)
		3 V(254 203 215) M(0)
		3 V(274 296 202) M(0)
		3 V(215 203 275) M(0)
		3 V(267 270 275) M(0)
		3 V(275 263 228) M(0)
		3 V(270 272 215) M(0)
		3 V(263 275 203) M(0)
		3 V(266 215 272) M(0)
		3 V(277 272 271) M(0)
		3 V(303 265 253) M(0)
		3 V(303 207 221) M(0)
		3 V(302 276 222) M(0)
		3 V(251 252 282) M(0)
		3 V(249 247 279) M(0)
		3 V(280 279 281) M(0)
		3 V(279 283 284) M(0)
		3 V(296 1004 1046) M(0)
		3 V(253 202 1046) M(0)
		3 V(253 1048 1047) M(0)
		3 V(274 286 285) M(0)
		3 V(268 226 285) M(0)
		3 V(268 286 288) M(0)
		3 V(274 273 288) M(0)
		3 V(273 287 288) M(0)
		3 V(288 287 271) M(0)
		3 V(287 265 257) M(0)
		3 V(287 273 202) M(0)
		3 V(274 264 218) M(0)
		3 V(239 238 291) M(1)
		3 V(291 290 233) M(1)
		3 V(291 237 231) M(1)
		3 V(238 236 237) M(1)
		3 V(294 233 290) M(0)
		3 V(293 290 231) M(0)
		3 V(293 292 220) M(0)
		3 V(234 232 295) M(0)
		3 V(233 294 295) M(0)
		3 V(211 205 295) M(0)
		3 V(234 295 205) M(0)
		3 V(229 301 300) M(0)
		3 V(227 300 303) M(0)
		3 V(305 304 297) M(0)
		3 V(302 305 298) M(0)
		3 V(299 277 257) M(0)
		3 V(213 265 287) M(0)
		3 V(304 307 306) M(0)
		3 V(301 229 306) M(0)
		3 V(214 301 307) M(0)
		3 V(304 299 307) M(0)
		3 V(254 208 261) M(0)
		3 V(254 266 302) M(0)
		3 V(257 308 214) M(0)
		3 V(300 308 303) M(0)
		3 V(265 303 308) M(0)
		3 V(214 308 300) M(0)
		3 V(299 309 277) M(0)
		3 V(302 309 305) M(0)
		3 V(309 299 304) M(0)
		3 V(266 277 309) M(0)
		3 V(310 248 250) M(0)
		3 V(289 220 310) M(0)
		3 V(250 246 204) M(0)
		3 V(311 211 294) M(0)
		3 V(279 247 255) M(0)
		3 V(312 255 247) M(0)
		3 V(209 212 256) M(0)
		3 V(312 311 204) M(0)
		3 V(211 311 312) M(0)
		3 V(294 293 289) M(0)
		3 V(294 289 204) M(0)
		3 V(363 361 339) M(0)
		3 V(218 373 1012) M(0)
		3 V(225 223 321) M(0)
		3 V(224 225 324) M(0)
		3 V(217 230 318) M(0)
		3 V(217 313 330) M(0)
		3 V(216 224 322) M(0)
		3 V(331 333 330) M(1)
		3 V(331 236 241) M(1)
		3 V(332 331 328) M(1)
		3 V(245 335 333) M(1)
		3 V(335 334 330) M(1)
		3 V(334 243 235) M(1)
		3 V(335 245 243) M(1)
		3 V(223 249 337) M(0)
		3 V(320 339 252) M(0)
		3 V(317 345 343) M(0)
		3 V(343 345 322) M(0)
		3 V(316 342 362) M(0)
		3 V(362 363 338) M(0)
		3 V(345 317 313) M(0)
		3 V(318 322 345) M(0)
		3 V(219 260 346) M(0)
		3 V(346 260 248) M(0)
		3 V(363 347 346) M(0)
		3 V(346 347 341) M(0)
		3 V(347 363 339) M(0)
		3 V(221 262 1010) M(0)
		3 V(226 228 350) M(0)
		3 V(352 351 350) M(0)
		3 V(354 352 353) M(0)
		3 V(348 340 314) M(0)
		3 V(349 327 315) M(0)
		3 V(356 314 373) M(0)
		3 V(358 315 327) M(0)
		3 V(358 353 350) M(0)
		3 V(350 228 263) M(0)
		3 V(358 327 355) M(0)
		3 V(219 315 358) M(0)
		3 V(359 355 327) M(0)
		3 V(344 354 355) M(0)
		3 V(278 221 319) M(0)
		3 V(320 222 276) M(0)
		3 V(361 282 252) M(0)
		3 V(280 360 337) M(0)
		3 V(282 361 360) M(0)
		3 V(361 363 362) M(0)
		3 V(314 1009 1012) M(0)
		3 V(1011 1009 314) M(0)
		3 V(264 285 364) M(0)
		3 V(364 285 226) M(0)
		3 V(352 366 364) M(0)
		3 V(364 366 356) M(0)
		3 V(366 365 356) M(0)
		3 V(352 354 365) M(0)
		3 V(354 344 348) M(0)
		3 V(325 314 356) M(0)
		3 V(373 218 264) M(0)
		3 V(369 331 332) M(1)
		3 V(332 329 368) M(1)
		3 V(368 231 237) M(1)
		3 V(369 237 236) M(1)
		3 V(370 368 329) M(0)
		3 V(292 231 368) M(0)
		3 V(367 220 292) M(0)
		3 V(372 328 330) M(0)
		3 V(328 372 371) M(0)
		3 V(371 372 317) M(0)
		3 V(313 317 372) M(0)
		3 V(227 375 376) M(0)
		3 V(278 378 375) M(0)
		3 V(298 297 379) M(0)
		3 V(276 298 380) M(0)
		3 V(326 344 359) M(0)
		3 V(365 348 325) M(0)
		3 V(297 306 381) M(0)
		3 V(381 306 229) M(0)
		3 V(374 381 376) M(0)
		3 V(381 374 379) M(0)
		3 V(347 320 341) M(0)
		3 V(320 377 349) M(0)
		3 V(326 382 344) M(0)
		3 V(376 375 382) M(0)
		3 V(359 383 374) M(0)
		3 V(380 383 377) M(0)
		3 V(380 379 374) M(0)
		3 V(377 383 359) M(0)
		3 V(338 248 384) M(0)
		3 V(316 384 220) M(0)
		3 V(384 316 336) M(0)
		3 V(371 323 385) M(0)
		3 V(362 342 337) M(0)
		3 V(321 337 342) M(0)
		3 V(386 343 324) M(0)
		3 V(342 316 385) M(0)
		3 V(343 386 385) M(0)
		3 V(367 370 371) M(0)
		3 V(385 316 367) M(0)
		3 V(310 220 384) M(0)
		3 V(206 216 318) M(0)
		3 V(437 466 469) M(0)
		3 V(398 395 409) M(0)
		3 V(396 398 411) M(0)
		3 V(387 392 416) M(0)
		3 V(421 420 387) M(0)
		3 V(392 396 410) M(0)
		3 V(418 420 426) M(1)
		3 V(426 427 422) M(1)
		3 V(419 418 424) M(1)
		3 V(427 426 430) M(1)
		3 V(426 420 428) M(1)
		3 V(420 421 429) M(1)
		3 V(428 429 431) M(1)
		3 V(395 433 435) M(0)
		3 V(408 438 437) M(0)
		3 V(397 442 444) M(0)
		3 V(398 396 444) M(0)
		3 V(432 468 441) M(0)
		3 V(432 436 469) M(0)
		3 V(387 391 444) M(0)
		3 V(387 444 396) M(0)
		3 V(389 445 446) M(0)
		3 V(436 434 446) M(0)
		3 V(436 445 447) M(0)
		3 V(389 440 447) M(0)
		3 V(394 437 469) M(0)
		3 V(453 452 414) M(0)
		3 V(455 452 453) M(0)
		3 V(457 455 454) M(0)
		3 V(399 388 439) M(0)
		3 V(440 389 401) M(0)
		3 V(459 481 388) M(0)
		3 V(401 389 460) M(0)
		3 V(452 455 460) M(0)
		3 V(460 448 414) M(0)
		3 V(455 457 401) M(0)
		3 V(448 460 389) M(0)
		3 V(451 401 457) M(0)
		3 V(462 457 456) M(0)
		3 V(488 450 439) M(0)
		3 V(487 461 408) M(0)
		3 V(437 438 467) M(0)
		3 V(435 433 464) M(0)
		3 V(465 464 466) M(0)
		3 V(464 468 469) M(0)
		3 V(459 471 470) M(0)
		3 V(453 412 470) M(0)
		3 V(453 471 473) M(0)
		3 V(459 458 473) M(0)
		3 V(458 472 473) M(0)
		3 V(473 472 456) M(0)
		3 V(472 450 443) M(0)
		3 V(472 458 388) M(0)
		3 V(425 424 476) M(1)
		3 V(476 475 419) M(1)
		3 V(476 423 417) M(1)
		3 V(424 422 423) M(1)
		3 V(479 419 475) M(0)
		3 V(478 475 417) M(0)
		3 V(478 477 406) M(0)
		3 V(420 418 480) M(0)
		3 V(419 479 480) M(0)
		3 V(397 391 480) M(0)
		3 V(420 480 391) M(0)
		3 V(415 486 485) M(0)
		3 V(490 489 482) M(0)
		3 V(487 490 483) M(0)
		3 V(484 462 443) M(0)
		3 V(399 450 472) M(0)
		3 V(489 492 491) M(0)
		3 V(486 415 491) M(0)
		3 V(400 486 492) M(0)
		3 V(489 484 492) M(0)
		3 V(440 394 447) M(0)
		3 V(440 451 487) M(0)
		3 V(443 493 400) M(0)
		3 V(450 488 493) M(0)
		3 V(400 493 485) M(0)
		3 V(484 494 462) M(0)
		3 V(487 494 490) M(0)
		3 V(494 484 489) M(0)
		3 V(451 462 494) M(0)
		3 V(495 434 436) M(0)
		3 V(474 406 495) M(0)
		3 V(436 432 390) M(0)
		3 V(496 397 479) M(0)
		3 V(464 433 441) M(0)
		3 V(497 441 433) M(0)
		3 V(395 398 442) M(0)
		3 V(497 496 390) M(0)
		3 V(397 496 497) M(0)
		3 V(479 478 474) M(0)
		3 V(479 474 390) M(0)
		3 V(548 546 524) M(0)
		3 V(411 409 506) M(0)
		3 V(410 411 509) M(0)
		3 V(403 416 503) M(0)
		3 V(403 498 515) M(0)
		3 V(402 410 507) M(0)
		3 V(516 518 515) M(1)
		3 V(516 422 427) M(1)
		3 V(517 516 513) M(1)
		3 V(431 520 518) M(1)
		3 V(520 519 515) M(1)
		3 V(519 429 421) M(1)
		3 V(520 431 429) M(1)
		3 V(409 435 522) M(0)
		3 V(505 524 438) M(0)
		3 V(502 530 528) M(0)
		3 V(528 530 507) M(0)
		3 V(501 527 547) M(0)
		3 V(547 548 523) M(0)
		3 V(530 502 498) M(0)
		3 V(503 507 530) M(0)
		3 V(405 446 531) M(0)
		3 V(531 446 434) M(0)
		3 V(548 532 531) M(0)
		3 V(531 532 526) M(0)
		3 V(532 548 524) M(0)
		3 V(412 414 535) M(0)
		3 V(537 536 535) M(0)
		3 V(539 537 538) M(0)
		3 V(533 525 499) M(0)
		3 V(534 512 500) M(0)
		3 V(541 499 558) M(0)
		3 V(543 500 512) M(0)
		3 V(543 538 535) M(0)
		3 V(535 414 448) M(0)
		3 V(543 512 540) M(0)
		3 V(405 500 543) M(0)
		3 V(544 540 512) M(0)
		3 V(529 539 540) M(0)
		3 V(504 525 533) M(0)
		3 V(505 408 461) M(0)
		3 V(546 467 438) M(0)
		3 V(465 545 522) M(0)
		3 V(467 546 545) M(0)
		3 V(546 548 547) M(0)
		3 V(449 470 549) M(0)
		3 V(549 470 412) M(0)
		3 V(537 551 549) M(0)
		3 V(549 551 541) M(0)
		3 V(551 550 541) M(0)
		3 V(537 539 550) M(0)
		3 V(539 529 533) M(0)
		3 V(510 499 541) M(0)
		3 V(554 516 517) M(1)
		3 V(517 514 553) M(1)
		3 V(553 417 423) M(1)
		3 V(554 423 422) M(1)
		3 V(555 553 514) M(0)
		3 V(477 417 553) M(0)
		3 V(552 406 477) M(0)
		3 V(557 513 515) M(0)
		3 V(513 557 556) M(0)
		3 V(556 557 502) M(0)
		3 V(498 502 557) M(0)
		3 V(413 560 561) M(0)
		3 V(483 482 564) M(0)
		3 V(461 483 565) M(0)
		3 V(511 529 544) M(0)
		3 V(550 533 510) M(0)
		3 V(482 491 566) M(0)
		3 V(566 491 415) M(0)
		3 V(559 566 561) M(0)
		3 V(566 559 564) M(0)
		3 V(532 505 526) M(0)
		3 V(505 562 534) M(0)
		3 V(511 567 529) M(0)
		3 V(529 567 563) M(0)
		3 V(561 560 567) M(0)
		3 V(544 568 559) M(0)
		3 V(565 568 562) M(0)
		3 V(565 564 559) M(0)
		3 V(562 568 544) M(0)
		3 V(523 434 569) M(0)
		3 V(501 569 406) M(0)
		3 V(569 501 521) M(0)
		3 V(556 508 570) M(0)
		3 V(547 527 522) M(0)
		3 V(506 522 527) M(0)
		3 V(571 528 509) M(0)
		3 V(527 501 570) M(0)
		3 V(528 571 570) M(0)
		3 V(552 555 556) M(0)
		3 V(570 501 552) M(0)
		3 V(495 406 569) M(0)
		3 V(392 402 503) M(0)
		3 V(623 652 655) M(0)
		3 V(883 882 668) M(0)
		3 V(584 581 595) M(0)
		3 V(582 584 597) M(0)
		3 V(573 578 602) M(0)
		3 V(607 606 573) M(0)
		3 V(578 582 596) M(0)
		3 V(604 606 612) M(1)
		3 V(612 613 608) M(1)
		3 V(605 604 610) M(1)
		3 V(613 612 616) M(1)
		3 V(612 606 614) M(1)
		3 V(606 607 615) M(1)
		3 V(614 615 617) M(1)
		3 V(581 619 621) M(0)
		3 V(594 624 623) M(0)
		3 V(572 1113 1111) M(0)
		3 V(583 628 630) M(0)
		3 V(584 582 630) M(0)
		3 V(618 654 627) M(0)
		3 V(618 622 655) M(0)
		3 V(573 577 630) M(0)
		3 V(573 630 582) M(0)
		3 V(575 631 632) M(0)
		3 V(622 620 632) M(0)
		3 V(622 631 633) M(0)
		3 V(575 626 633) M(0)
		3 V(580 623 655) M(0)
		3 V(579 1110 1082) M(0)
		3 V(639 638 600) M(0)
		3 V(641 638 639) M(0)
		3 V(643 641 640) M(0)
		3 V(585 574 625) M(0)
		3 V(626 575 587) M(0)
		3 V(645 668 574) M(0)
		3 V(587 575 646) M(0)
		3 V(638 641 646) M(0)
		3 V(646 634 600) M(0)
		3 V(641 643 587) M(0)
		3 V(634 646 575) M(0)
		3 V(637 587 643) M(0)
		3 V(648 643 642) M(0)
		3 V(675 636 625) M(0)
		3 V(675 579 593) M(0)
		3 V(674 647 594) M(0)
		3 V(623 624 653) M(0)
		3 V(621 619 650) M(0)
		3 V(651 650 652) M(0)
		3 V(650 654 655) M(0)
		3 V(668 882 656) M(0)
		3 V(882 847 656) M(0)
		3 V(1111 1112 656) M(0)
		3 V(625 574 656) M(0)
		3 V(625 1112 1110) M(0)
		3 V(645 658 657) M(0)
		3 V(639 598 657) M(0)
		3 V(639 658 660) M(0)
		3 V(645 644 660) M(0)
		3 V(644 659 660) M(0)
		3 V(660 659 642) M(0)
		3 V(659 636 629) M(0)
		3 V(659 644 574) M(0)
		3 V(645 635 590) M(0)
		3 V(611 610 663) M(1)
		3 V(663 662 605) M(1)
		3 V(663 609 603) M(1)
		3 V(610 608 609) M(1)
		3 V(666 605 662) M(0)
		3 V(665 662 603) M(0)
		3 V(665 664 592) M(0)
		3 V(606 604 667) M(0)
		3 V(605 666 667) M(0)
		3 V(583 577 667) M(0)
		3 V(606 667 577) M(0)
		3 V(601 673 672) M(0)
		3 V(599 672 675) M(0)
		3 V(677 676 669) M(0)
		3 V(674 677 670) M(0)
		3 V(671 648 629) M(0)
		3 V(585 636 659) M(0)
		3 V(676 679 678) M(0)
		3 V(673 601 678) M(0)
		3 V(586 673 679) M(0)
		3 V(676 671 679) M(0)
		3 V(626 580 633) M(0)
		3 V(626 637 674) M(0)
		3 V(629 680 586) M(0)
		3 V(672 680 675) M(0)
		3 V(636 675 680) M(0)
		3 V(586 680 672) M(0)
		3 V(671 681 648) M(0)
		3 V(674 681 677) M(0)
		3 V(681 671 676) M(0)
		3 V(637 648 681) M(0)
		3 V(682 620 622) M(0)
		3 V(661 592 682) M(0)
		3 V(622 618 576) M(0)
		3 V(683 583 666) M(0)
		3 V(650 619 627) M(0)
		3 V(684 627 619) M(0)
		3 V(581 584 628) M(0)
		3 V(684 683 576) M(0)
		3 V(583 683 684) M(0)
		3 V(666 665 661) M(0)
		3 V(666 661 576) M(0)
		3 V(735 733 711) M(0)
		3 V(590 746 873) M(0)
		3 V(597 595 693) M(0)
		3 V(596 597 696) M(0)
		3 V(589 602 690) M(0)
		3 V(589 685 702) M(0)
		3 V(588 596 694) M(0)
		3 V(703 705 702) M(1)
		3 V(703 608 613) M(1)
		3 V(704 703 700) M(1)
		3 V(617 707 705) M(1)
		3 V(707 706 702) M(1)
		3 V(706 615 607) M(1)
		3 V(707 617 615) M(1)
		3 V(595 621 709) M(0)
		3 V(692 711 624) M(0)
		3 V(849 1085 1119) M(0)
		3 V(689 717 715) M(0)
		3 V(715 717 694) M(0)
		3 V(688 714 734) M(0)
		3 V(734 735 710) M(0)
		3 V(717 689 685) M(0)
		3 V(690 694 717) M(0)
		3 V(591 632 718) M(0)
		3 V(718 632 620) M(0)
		3 V(735 719 718) M(0)
		3 V(718 719 713) M(0)
		3 V(719 735 711) M(0)
		3 V(593 1082 1109) M(0)
		3 V(598 600 722) M(0)
		3 V(724 723 722) M(0)
		3 V(726 724 725) M(0)
		3 V(720 712 686) M(0)
		3 V(721 699 687) M(0)
		3 V(728 686 746) M(0)
		3 V(730 687 699) M(0)
		3 V(730 725 722) M(0)
		3 V(722 600 634) M(0)
		3 V(730 699 727) M(0)
		3 V(591 687 730) M(0)
		3 V(731 727 699) M(0)
		3 V(716 726 727) M(0)
		3 V(691 712 720) M(0)
		3 V(649 593 691) M(0)
		3 V(692 594 647) M(0)
		3 V(733 653 624) M(0)
		3 V(651 732 709) M(0)
		3 V(653 733 732) M(0)
		3 V(733 735 734) M(0)
		3 V(686 736 873) M(0)
		3 V(849 736 1086) M(0)
		3 V(1086 736 686) M(0)
		3 V(691 1109 1086) M(0)
		3 V(635 657 737) M(0)
		3 V(737 657 598) M(0)
		3 V(724 739 737) M(0)
		3 V(737 739 728) M(0)
		3 V(739 738 728) M(0)
		3 V(724 726 738) M(0)
		3 V(726 716 720) M(0)
		3 V(697 686 728) M(0)
		3 V(746 590 635) M(0)
		3 V(742 703 704) M(1)
		3 V(704 701 741) M(1)
		3 V(741 603 609) M(1)
		3 V(742 609 608) M(1)
		3 V(743 741 701) M(0)
		3 V(664 603 741) M(0)
		3 V(740 592 664) M(0)
		3 V(745 700 702) M(0)
		3 V(700 745 744) M(0)
		3 V(744 745 689) M(0)
		3 V(685 689 745) M(0)
		3 V(599 748 749) M(0)
		3 V(649 751 748) M(0)
		3 V(670 669 752) M(0)
		3 V(647 670 753) M(0)
		3 V(698 716 731) M(0)
		3 V(738 720 697) M(0)
		3 V(669 678 754) M(0)
		3 V(754 678 601) M(0)
		3 V(747 754 749) M(0)
		3 V(754 747 752) M(0)
		3 V(719 692 713) M(0)
		3 V(692 750 721) M(0)
		3 V(698 755 716) M(0)
		3 V(751 755 748) M(0)
		3 V(716 755 751) M(0)
		3 V(749 748 755) M(0)
		3 V(731 756 747) M(0)
		3 V(753 756 750) M(0)
		3 V(753 752 747) M(0)
		3 V(750 756 731) M(0)
		3 V(710 620 757) M(0)
		3 V(688 757 592) M(0)
		3 V(757 688 708) M(0)
		3 V(744 695 758) M(0)
		3 V(734 714 709) M(0)
		3 V(693 709 714) M(0)
		3 V(759 715 696) M(0)
		3 V(714 688 758) M(0)
		3 V(715 759 758) M(0)
		3 V(740 743 744) M(0)
		3 V(758 688 740) M(0)
		3 V(682 592 757) M(0)
		3 V(578 588 690) M(0)
		3 V(772 764 769) M(0)
		3 V(774 768 765) M(0)
		3 V(774 767 18) M(0)
		3 V(774 771 762) M(0)
		3 V(771 18 770) M(0)
		3 V(771 775 769) M(0)
		3 V(776 762 769) M(0)
		3 V(776 778 1561) M(0)
		3 V(776 763 766) M(0)
		3 V(776 777 768) M(0)
		3 V(764 772 781) M(0)
		3 V(781 810 809) M(0)
		3 V(784 783 773) M(0)
		3 V(1020 783 784) M(0)
		3 V(174 130 785) M(0)
		3 V(797 790 1580) M(0)
		3 V(799 1579 792) M(0)
		3 V(799 795 787) M(0)
		3 V(795 800 1580) M(0)
		3 V(1572 801 791) M(0)
		3 V(1572 789 793) M(0)
		3 V(1575 807 793) M(0)
		3 V(1578 1336 791) M(0)
		3 V(790 797 803) M(0)
		3 V(803 796 961) M(0)
		3 V(806 805 798) M(0)
		3 V(794 805 806) M(0)
		3 V(788 1563 1564) M(0)
		3 V(1575 1564 809) M(0)
		3 V(1571 809 810) M(0)
		3 V(965 812 811) M(0)
		3 V(810 781 770) M(0)
		3 V(810 782 130) M(0)
		3 V(782 785 130) M(0)
		3 V(814 813 27) M(0)
		3 V(27 932 933) M(0)
		3 V(814 186 785) M(0)
		3 V(101 102 19) M(0)
		3 V(19 187 186) M(0)
		3 V(933 19 814) M(0)
		3 V(785 782 770) M(0)
		3 V(18 27 813) M(0)
		3 V(932 27 18) M(0)
		3 V(781 772 775) M(0)
		3 V(1004 296 218) M(0)
		3 V(826 819 824) M(0)
		3 V(828 823 821) M(0)
		3 V(828 825 816) M(0)
		3 V(825 829 824) M(0)
		3 V(833 824 819) M(0)
		3 V(831 816 824) M(0)
		3 V(831 833 820) M(0)
		3 V(831 818 822) M(0)
		3 V(831 832 823) M(0)
		3 V(832 839 821) M(0)
		3 V(830 839 822) M(0)
		3 V(846 844 820) M(0)
		3 V(815 838 839) M(0)
		3 V(846 834 835) M(0)
		3 V(819 826 836) M(0)
		3 V(836 1022 845) M(0)
		3 V(838 837 827) M(0)
		3 V(1027 837 838) M(0)
		3 V(841 844 846) M(0)
		3 V(842 846 845) M(0)
		3 V(840 845 1022) M(0)
		3 V(834 819 835) M(0)
		3 V(834 820 833) M(0)
		3 V(839 838 821) M(0)
		3 V(839 832 822) M(0)
		3 V(862 857 848) M(0)
		3 V(862 860 851) M(0)
		3 V(860 848 859) M(0)
		3 V(860 861 854) M(0)
		3 V(864 851 854) M(0)
		3 V(864 866 855) M(0)
		3 V(864 853 856) M(0)
		3 V(864 865 858) M(0)
		3 V(863 865 856) M(0)
		3 V(879 877 855) M(0)
		3 V(850 872 865) M(0)
		3 V(879 866 867) M(0)
		3 V(854 861 868) M(0)
		3 V(868 880 878) M(0)
		3 V(872 871 862) M(0)
		3 V(572 871 872) M(0)
		3 V(884 877 879) M(0)
		3 V(876 879 878) M(0)
		3 V(875 878 880) M(0)
		3 V(880 868 859) M(0)
		3 V(857 871 572) M(0)
		3 V(880 869 849) M(0)
		3 V(866 854 867) M(0)
		3 V(865 872 858) M(0)
		3 V(873 869 859) M(0)
		3 V(847 882 857) M(0)
		3 V(882 883 848) M(0)
		3 V(817 884 876) M(0)
		3 V(830 876 875) M(0)
		3 V(815 875 886) M(0)
		3 V(883 859 848) M(0)
		3 V(736 849 869) M(0)
		3 V(1027 886 885) M(0)
		3 V(885 881 1119) M(0)
		3 V(886 880 881) M(0)
		3 V(861 859 868) M(0)
		3 V(862 871 857) M(0)
		3 V(888 887 763) M(0)
		3 V(889 808 786) M(0)
		3 V(889 888 1561) M(0)
		3 V(891 890 789) M(0)
		3 V(890 892 793) M(0)
		3 V(892 889 788) M(0)
		3 V(894 893 822) M(0)
		3 V(893 900 817) M(0)
		3 V(898 897 853) M(0)
		3 V(897 899 856) M(0)
		3 V(899 896 852) M(0)
		3 V(898 877 884) M(0)
		3 V(900 884 817) M(0)
		3 V(898 855 877) M(0)
		3 V(894 895 786) M(0)
		3 V(894 843 900) M(0)
		3 V(903 901 5) M(0)
		3 V(902 904 28) M(0)
		3 V(905 903 22) M(0)
		3 V(904 906 131) M(0)
		3 V(907 811 812) M(0)
		3 V(157 907 812) M(0)
		3 V(905 906 904) M(0)
		3 V(901 908 904) M(0)
		3 V(901 903 905) M(0)
		3 V(22 5 1076) M(0)
		3 V(22 911 912) M(0)
		3 V(910 1064 912) M(0)
		3 V(1076 909 910) M(0)
		3 V(916 913 914) M(0)
		3 V(1065 988 917) M(0)
		3 V(966 811 917) M(0)
		3 V(916 914 915) M(0)
		3 V(905 124 915) M(0)
		3 V(907 916 917) M(0)
		3 V(157 913 916) M(0)
		3 V(914 906 905) M(0)
		3 V(131 906 914) M(0)
		3 V(157 176 175) M(0)
		3 V(82 918 189) M(0)
		3 V(82 23 919) M(0)
		3 V(23 66 920) M(0)
		3 V(126 919 920) M(0)
		3 V(192 918 919) M(0)
		3 V(196 189 918) M(0)
		3 V(66 28 131) M(0)
		3 V(913 175 920) M(0)
		3 V(922 921 109) M(0)
		3 V(922 23 82) M(0)
		3 V(923 66 23) M(0)
		3 V(66 923 10) M(0)
		3 V(82 31 106) M(0)
		3 V(114 109 921) M(0)
		3 V(794 804 805) M(0)
		3 V(1 102 101) M(0)
		3 V(924 925 928) M(0)
		3 V(928 57 1) M(0)
		3 V(7 57 928) M(0)
		3 V(926 101 930) M(0)
		3 V(1020 929 767) M(0)
		3 V(1020 1021 924) M(0)
		3 V(929 924 930) M(0)
		3 V(933 932 930) M(0)
		3 V(930 932 767) M(0)
		3 V(783 767 774) M(0)
		3 V(934 1021 931) M(0)
		3 V(925 924 1021) M(0)
		3 V(939 937 936) M(0)
		3 V(1077 938 940) M(0)
		3 V(1506 935 940) M(0)
		3 V(939 940 938) M(0)
		3 V(901 937 938) M(0)
		3 V(934 931 940) M(0)
		3 V(925 934 939) M(0)
		3 V(937 901 902) M(0)
		3 V(10 936 937) M(0)
		3 V(925 936 927) M(0)
		3 V(7 927 923) M(0)
		3 V(936 10 923) M(0)
		3 V(115 111 942) M(0)
		3 V(80 942 111) M(0)
		3 V(24 941 942) M(0)
		3 V(55 941 24) M(0)
		3 V(943 108 942) M(0)
		3 V(58 70 108) M(0)
		3 V(941 65 58) M(0)
		3 V(127 24 80) M(0)
		3 V(80 104 194) M(0)
		3 V(197 191 944) M(0)
		3 V(191 159 150) M(0)
		3 V(150 156 127) M(0)
		3 V(944 191 945) M(0)
		3 V(953 499 525) M(0)
		3 V(799 957 948) M(0)
		3 V(795 948 958) M(0)
		3 V(499 953 960) M(0)
		3 V(796 803 958) M(0)
		3 V(796 959 953) M(0)
		3 V(959 960 953) M(0)
		3 V(992 964 950) M(0)
		3 V(950 986 993) M(0)
		3 V(992 558 960) M(0)
		3 V(960 959 958) M(0)
		3 V(948 950 964) M(0)
		3 V(986 950 948) M(0)
		3 V(803 797 800) M(0)
		3 V(969 967 946) M(0)
		3 V(968 970 951) M(0)
		3 V(971 969 949) M(0)
		3 V(970 972 954) M(0)
		3 V(955 973 962) M(0)
		3 V(971 972 970) M(0)
		3 V(967 969 970) M(0)
		3 V(1071 1338 956) M(0)
		3 V(974 956 1312) M(0)
		3 V(949 946 978) M(0)
		3 V(949 976 977) M(0)
		3 V(974 975 977) M(0)
		3 V(978 1071 974) M(0)
		3 V(981 952 977) M(0)
		3 V(1137 963 981) M(0)
		3 V(971 952 981) M(0)
		3 V(973 980 981) M(0)
		3 V(955 979 980) M(0)
		3 V(980 972 971) M(0)
		3 V(954 972 980) M(0)
		3 V(955 525 504) M(0)
		3 V(407 951 954) M(0)
		3 V(979 504 994) M(0)
		3 V(407 995 947) M(0)
		3 V(982 983 439) M(0)
		3 V(388 481 985) M(0)
		3 V(804 984 957) M(0)
		3 V(984 982 985) M(0)
		3 V(993 986 985) M(0)
		3 V(985 986 957) M(0)
		3 V(805 957 799) M(0)
		3 V(991 990 989) M(0)
		3 V(991 1070 1066) M(0)
		3 V(967 990 1066) M(0)
		3 V(983 987 991) M(0)
		3 V(990 967 968) M(0)
		3 V(947 989 990) M(0)
		3 V(983 989 393) M(0)
		3 V(989 947 995) M(0)
		3 V(481 459 449) M(0)
		3 V(558 992 449) M(0)
		3 V(992 404 993) M(0)
		3 V(493 488 997) M(0)
		3 V(393 995 997) M(0)
		3 V(407 463 997) M(0)
		3 V(996 463 407) M(0)
		3 V(463 996 560) M(0)
		3 V(463 413 485) M(0)
		3 V(996 563 567) M(0)
		3 V(504 563 996) M(0)
		3 V(1006 1009 1011) M(0)
		3 V(828 1016 1000) M(0)
		3 V(825 1000 1017) M(0)
		3 V(1009 1006 1019) M(0)
		3 V(1022 836 1017) M(0)
		3 V(1022 1018 1006) M(0)
		3 V(1018 1019 1006) M(0)
		3 V(1052 1012 1019) M(0)
		3 V(1019 1018 1017) M(0)
		3 V(1000 1002 1025) M(0)
		3 V(1051 1002 1000) M(0)
		3 V(836 826 829) M(0)
		3 V(1030 1028 998) M(0)
		3 V(1029 1031 1003) M(0)
		3 V(1032 1030 1001) M(0)
		3 V(1031 1033 1007) M(0)
		3 V(1034 1023 1024) M(0)
		3 V(1008 1034 1024) M(0)
		3 V(1028 1035 1031) M(0)
		3 V(1001 998 1090) M(0)
		3 V(1001 1038 1039) M(0)
		3 V(1036 1037 1039) M(0)
		3 V(1040 1074 1043) M(0)
		3 V(1504 1023 1043) M(0)
		3 V(1592 1041 1042) M(0)
		3 V(1034 1592 1043) M(0)
		3 V(262 1003 1007) M(0)
		3 V(262 1047 999) M(0)
		3 V(1044 1045 1048) M(0)
		3 V(1046 1004 1050) M(0)
		3 V(1061 1054 1062) M(0)
		3 V(1027 1049 1016) M(0)
		3 V(1027 1026 1044) M(0)
		3 V(1049 1044 1050) M(0)
		3 V(1052 1051 1050) M(0)
		3 V(1050 1051 1016) M(0)
		3 V(837 1016 828) M(0)
		3 V(1053 1026 1062) M(0)
		3 V(1045 1044 1026) M(0)
		3 V(1059 1057 1056) M(0)
		3 V(1120 1058 1060) M(0)
		3 V(1058 1120 1090) M(0)
		3 V(1054 1055 1060) M(0)
		3 V(1059 1060 1058) M(0)
		3 V(1028 1057 1058) M(0)
		3 V(1045 1053 1059) M(0)
		3 V(1057 1028 1029) M(0)
		3 V(999 1056 1057) M(0)
		3 V(1045 1056 1047) M(0)
		3 V(1061 1026 1027) M(0)
		3 V(1053 1062 1060) M(0)
		3 V(1047 1056 999) M(0)
		3 V(1069 987 1063) M(0)
		3 V(987 983 982) M(0)
		3 V(794 965 1063) M(0)
		3 V(982 984 804) M(0)
		3 V(810 812 965) M(0)
		3 V(1067 912 1064) M(0)
		3 V(1072 1071 978) M(0)
		3 V(1072 1068 1067) M(0)
		3 V(987 1069 1070) M(0)
		3 V(1069 965 966) M(0)
		3 V(988 1065 1066) M(0)
		3 V(1070 1069 966) M(0)
		3 V(1072 1338 1071) M(0)
		3 V(1073 1064 761) M(0)
		3 V(1073 761 1338) M(0)
		3 V(1506 1504 1074) M(0)
		3 V(1039 1037 909) M(0)
		3 V(1040 1077 935) M(0)
		3 V(1093 1091 1078) M(0)
		3 V(1092 1094 1081) M(0)
		3 V(1095 1093 1080) M(0)
		3 V(1094 1096 1084) M(0)
		3 V(1095 1096 1094) M(0)
		3 V(1091 1097 1094) M(0)
		3 V(1091 1093 1095) M(0)
		3 V(1080 1078 1102) M(0)
		3 V(1080 1100 1101) M(0)
		3 V(1099 1122 1101) M(0)
		3 V(1102 1098 1099) M(0)
		3 V(1107 1104 1105) M(0)
		3 V(1107 1105 1106) M(0)
		3 V(1095 1083 1106) M(0)
		3 V(1085 1104 1107) M(0)
		3 V(1105 1096 1095) M(0)
		3 V(1084 1096 1105) M(0)
		3 V(1085 1086 1109) M(0)
		3 V(1082 1081 1084) M(0)
		3 V(1082 1110 1079) M(0)
		3 V(1118 1115 1102) M(0)
		3 V(1114 1115 1118) M(0)
		3 V(1091 1117 1118) M(0)
		3 V(1111 1113 1117) M(0)
		3 V(1117 1091 1092) M(0)
		3 V(1079 1116 1117) M(0)
		3 V(1111 1116 1110) M(0)
		3 V(1110 1116 1079) M(0)
		3 V(1109 1084 1104) M(0)
		3 V(1061 885 1119) M(0)
		3 V(1054 1119 1121) M(0)
		3 V(1103 1101 1122) M(0)
		3 V(863 1124 1114) M(0)
		3 V(1126 1129 1127) M(0)
		3 V(1130 1125 1126) M(0)
		3 V(1130 1131 896) M(0)
		3 V(1131 1126 1134) M(0)
		3 V(1131 1133 852) M(0)
		3 V(1124 1132 1135) M(0)
		3 V(863 852 1133) M(0)
		3 V(1132 1134 1127) M(0)
		3 V(1124 1133 1134) M(0)
		3 V(572 847 870) M(0)
		3 V(572 850 1114) M(0)
		3 V(1115 1135 1098) M(0)
		3 V(1113 1118 1117) M(0)
		3 V(900 843 874) M(0)
		3 V(975 1136 1138) M(0)
		3 V(962 1137 1139) M(0)
		3 V(1137 1138 1136) M(0)
		3 V(1312 1140 1136) M(0)
		3 V(1142 1140 1334) M(0)
		3 V(1142 1141 1336) M(0)
		3 V(1143 1139 1140) M(0)
		3 V(1143 1142 1578) M(0)
		3 V(1163 1151 1228) M(0)
		3 V(1151 1163 1158) M(0)
		3 V(1154 1149 1161) M(0)
		3 V(1150 1154 1165) M(0)
		3 V(1145 1148 1168) M(0)
		3 V(1173 1172 1145) M(0)
		3 V(1148 1150 1162) M(0)
		3 V(1170 1172 1178) M(1)
		3 V(1178 1179 1174) M(1)
		3 V(1171 1170 1176) M(1)
		3 V(1179 1178 1182) M(1)
		3 V(1178 1172 1180) M(1)
		3 V(1172 1173 1181) M(1)
		3 V(1180 1181 1183) M(1)
		3 V(1149 1185 1187) M(0)
		3 V(1153 1191 1193) M(0)
		3 V(1154 1150 1193) M(0)
		3 V(1184 1211 1190) M(0)
		3 V(1184 1188 1212) M(0)
		3 V(1145 1147 1193) M(0)
		3 V(1145 1193 1150) M(0)
		3 V(1152 1164 1194) M(0)
		3 V(1199 1198 1167) M(0)
		3 V(1201 1198 1199) M(0)
		3 V(1203 1201 1200) M(0)
		3 V(1155 1213 1216) M(0)
		3 V(1205 1228 1213) M(0)
		3 V(1198 1201 1295) M(0)
		3 V(1295 1186 1167) M(0)
		3 V(1201 1203 1188) M(0)
		3 V(1212 1188 1203) M(0)
		3 V(1206 1203 1202) M(0)
		3 V(1230 1197 1216) M(0)
		3 V(1230 1214 1194) M(0)
		3 V(1230 1229 1210) M(0)
		3 V(1187 1185 1207) M(0)
		3 V(1208 1207 1209) M(0)
		3 V(1207 1211 1212) M(0)
		3 V(1216 1195 1152) M(0)
		3 V(1205 1218 1217) M(0)
		3 V(1199 1166 1217) M(0)
		3 V(1199 1218 1220) M(0)
		3 V(1205 1204 1220) M(0)
		3 V(1204 1219 1220) M(0)
		3 V(1220 1219 1202) M(0)
		3 V(1219 1197 1192) M(0)
		3 V(1219 1204 1213) M(0)
		3 V(1205 1196 1215) M(0)
		3 V(1177 1176 1223) M(1)
		3 V(1223 1222 1171) M(1)
		3 V(1223 1175 1169) M(1)
		3 V(1176 1174 1175) M(1)
		3 V(1226 1171 1222) M(0)
		3 V(1225 1222 1169) M(0)
		3 V(1225 1224 1159) M(0)
		3 V(1172 1170 1227) M(0)
		3 V(1171 1226 1227) M(0)
		3 V(1153 1147 1227) M(0)
		3 V(1172 1227 1147) M(0)
		3 V(1155 1197 1219) M(0)
		3 V(1221 1159 1231) M(0)
		3 V(1232 1153 1226) M(0)
		3 V(1207 1185 1190) M(0)
		3 V(1233 1190 1185) M(0)
		3 V(1149 1154 1191) M(0)
		3 V(1233 1232 1146) M(0)
		3 V(1153 1232 1233) M(0)
		3 V(1226 1225 1221) M(0)
		3 V(1226 1221 1146) M(0)
		3 V(1164 1160 1238) M(0)
		3 V(1165 1161 1240) M(0)
		3 V(1162 1165 1245) M(0)
		3 V(1157 1168 1239) M(0)
		3 V(1157 1235 1249) M(0)
		3 V(1156 1162 1241) M(0)
		3 V(1250 1252 1249) M(1)
		3 V(1250 1174 1179) M(1)
		3 V(1251 1250 1247) M(1)
		3 V(1183 1254 1252) M(1)
		3 V(1254 1253 1249) M(1)
		3 V(1253 1181 1173) M(1)
		3 V(1254 1183 1181) M(1)
		3 V(1161 1187 1256) M(0)
		3 V(1242 1263 1258) M(0)
		3 V(1258 1263 1243) M(0)
		3 V(1237 1262 1260) M(0)
		3 V(1260 1262 1241) M(0)
		3 V(1236 1259 1275) M(0)
		3 V(1275 1276 1257) M(0)
		3 V(1262 1237 1235) M(0)
		3 V(1239 1241 1262) M(0)
		3 V(1278 1194 1164) M(0)
		3 V(1166 1167 1265) M(0)
		3 V(1267 1266 1265) M(0)
		3 V(1269 1267 1268) M(0)
		3 V(1264 1279 1277) M(0)
		3 V(1271 1277 1289) M(0)
		3 V(1294 1268 1265) M(0)
		3 V(1265 1167 1186) M(0)
		3 V(1294 1257 1270) M(0)
		3 V(1261 1270 1257) M(0)
		3 V(1278 1279 1264) M(0)
		3 V(1229 1194 1278) M(0)
		3 V(1274 1210 1229) M(0)
		3 V(1208 1273 1256) M(0)
		3 V(1210 1274 1273) M(0)
		3 V(1274 1276 1275) M(0)
		3 V(1242 1277 1279) M(0)
		3 V(1278 1243 1263) M(0)
		3 V(1196 1217 1280) M(0)
		3 V(1280 1217 1166) M(0)
		3 V(1267 1282 1280) M(0)
		3 V(1280 1282 1271) M(0)
		3 V(1282 1281 1271) M(0)
		3 V(1267 1269 1281) M(0)
		3 V(1269 1261 1264) M(0)
		3 V(1246 1277 1271) M(0)
		3 V(1289 1215 1196) M(0)
		3 V(1285 1250 1251) M(1)
		3 V(1251 1248 1284) M(1)
		3 V(1284 1169 1175) M(1)
		3 V(1285 1175 1174) M(1)
		3 V(1286 1284 1248) M(0)
		3 V(1224 1169 1284) M(0)
		3 V(1283 1159 1224) M(0)
		3 V(1288 1247 1249) M(0)
		3 V(1247 1288 1287) M(0)
		3 V(1287 1288 1237) M(0)
		3 V(1235 1237 1288) M(0)
		3 V(1281 1264 1246) M(0)
		3 V(1236 1291 1159) M(0)
		3 V(1287 1244 1292) M(0)
		3 V(1275 1259 1256) M(0)
		3 V(1240 1256 1259) M(0)
		3 V(1293 1260 1245) M(0)
		3 V(1259 1236 1292) M(0)
		3 V(1260 1293 1292) M(0)
		3 V(1283 1286 1287) M(0)
		3 V(1292 1236 1283) M(0)
		3 V(1148 1156 1239) M(0)
		3 V(1209 1212 1206) M(0)
		3 V(1274 1290 1261) M(0)
		3 V(1318 1319 1160) M(0)
		3 V(1323 1322 1307) M(0)
		3 V(1323 1319 1318) M(0)
		3 V(1319 1321 1238) M(0)
		3 V(1324 1323 1308) M(0)
		3 V(1324 1321 1319) M(0)
		3 V(1322 1328 1344) M(0)
		3 V(1320 1318 1584) M(0)
		3 V(1321 1329 1310) M(0)
		3 V(1324 1329 1321) M(0)
		3 V(1324 1309 1330) M(0)
		3 V(1310 1329 1331) M(0)
		3 V(1325 1333 1316) M(0)
		3 V(1320 1317 1333) M(0)
		3 V(1335 1334 1326) M(0)
		3 V(1312 1326 1334) M(0)
		3 V(1334 1335 1311) M(0)
		3 V(1316 891 1336) M(0)
		3 V(1336 1141 1311) M(0)
		3 V(1014 1341 1342) M(0)
		3 V(1015 1342 1343) M(0)
		3 V(1013 1340 1341) M(0)
		3 V(1340 1349 1345) M(0)
		3 V(1087 1127 1346) M(0)
		3 V(1088 1346 1347) M(0)
		3 V(1089 1347 1340) M(0)
		3 V(1127 1129 1350) M(0)
		3 V(1347 1346 1350) M(0)
		3 V(1315 1300 1353) M(0)
		3 V(1353 1307 1344) M(0)
		3 V(1354 1352 1353) M(0)
		3 V(1328 1338 1354) M(0)
		3 V(1343 760 1075) M(0)
		3 V(761 760 1343) M(0)
		3 V(1355 1327 1326) M(0)
		3 V(1338 1328 1355) M(0)
		3 V(1312 956 1355) M(0)
		3 V(1318 1355 1328) M(0)
		3 V(1320 1325 1335) M(0)
		3 V(1355 1318 1320) M(0)
		3 V(1335 1325 1311) M(0)
		3 V(1140 1139 1136) M(0)
		3 V(1358 1333 1317) M(0)
		3 V(1317 1320 1189) M(0)
		3 V(1316 1333 1358) M(0)
		3 V(1213 1362 1195) M(0)
		3 V(1228 1151 1362) M(0)
		3 V(1206 1192 1197) M(0)
		3 V(1186 1231 1159) M(0)
		3 V(1295 1364 1231) M(0)
		3 V(1291 1363 1294) M(0)
		3 V(1291 1236 1255) M(0)
		3 V(1255 1257 1294) M(0)
		3 V(1295 1188 1184) M(0)
		3 V(1231 1364 1184) M(0)
		3 V(1365 1356 1358) M(0)
		3 V(1583 1189 1584) M(0)
		3 V(1587 1585 1361) M(0)
		3 V(1361 1359 1356) M(0)
		3 V(1358 1357 1587) M(0)
		3 V(1583 1587 1357) M(0)
		3 V(895 887 888) M(0)
		3 V(894 818 820) M(0)
		3 V(889 1563 788) M(0)
		3 V(891 791 1336) M(0)
		3 V(898 874 899) M(0)
		3 V(1304 1302 1376) M(0)
		3 V(820 844 895) M(0)
		3 V(1431 1309 1308) M(0)
		3 V(1308 1307 1353) M(0)
		3 V(1300 1302 1377) M(0)
		3 V(1431 1377 1302) M(0)
		3 V(1331 1329 1330) M(0)
		3 V(796 962 1143) M(0)
		3 V(973 963 1137) M(0)
		3 V(1396 808 1337) M(0)
		3 V(1332 1314 1395) M(0)
		3 V(1315 1313 1399) M(0)
		3 V(1399 1313 1400) M(0)
		3 V(1298 1376 1400) M(0)
		3 V(1376 1302 1300) M(0)
		3 V(1368 1372 1402) M(0)
		3 V(1372 1367 1403) M(0)
		3 V(1404 1403 1367) M(0)
		3 V(1405 1404 1373) M(0)
		3 V(1366 1370 1406) M(0)
		3 V(1370 1369 1407) M(0)
		3 V(1369 1495 1407) M(0)
		3 V(1408 1132 1087) M(0)
		3 V(1415 1064 910) M(0)
		3 V(1087 1088 1409) M(0)
		3 V(1088 1089 1410) M(0)
		3 V(1089 1013 1411) M(0)
		3 V(1412 1411 1013) M(0)
		3 V(1413 1412 1014) M(0)
		3 V(1015 1075 1414) M(0)
		3 V(1415 1414 1075) M(0)
		3 V(1098 1408 1409) M(0)
		3 V(1099 1409 1410) M(0)
		3 V(1122 1410 1411) M(0)
		3 V(1123 1411 1412) M(0)
		3 V(1413 1037 1036) M(0)
		3 V(1037 1413 1414) M(0)
		3 V(909 1414 1415) M(0)
		3 V(760 761 1064) M(0)
		3 V(1132 1408 1098) M(0)
		3 V(1424 1416 1350) M(0)
		3 V(1417 1349 1350) M(0)
		3 V(1345 1349 1417) M(0)
		3 V(1419 1348 1418) M(0)
		3 V(1420 1417 1416) M(0)
		3 V(1418 1417 1420) M(0)
		3 V(1349 1340 1347) M(0)
		3 V(1421 1348 1339) M(0)
		3 V(1418 1348 1421) M(0)
		3 V(1341 1345 1421) M(0)
		3 V(1342 1421 1339) M(0)
		3 V(1129 1126 1125) M(0)
		3 V(1425 1351 1315) M(0)
		3 V(1426 761 1339) M(0)
		3 V(1427 1352 1354) M(0)
		3 V(1425 1419 1420) M(0)
		3 V(1420 1416 1423) M(0)
		3 V(1128 1423 1424) M(0)
		3 V(1371 1422 1423) M(0)
		3 V(1425 1422 1371) M(0)
		3 V(1427 1348 1419) M(0)
		3 V(1352 1427 1425) M(0)
		3 V(1427 1426 1339) M(0)
		3 V(1354 1338 761) M(0)
		3 V(1429 1301 1299) M(0)
		3 V(1428 1299 1296) M(0)
		3 V(1432 1476 1316) M(0)
		3 V(1432 1356 1359) M(0)
		3 V(1430 1433 1305) M(0)
		3 V(1431 1433 1330) M(0)
		3 V(1429 1430 1303) M(0)
		3 V(1443 1439 1306) M(0)
		3 V(1436 1443 1360) M(0)
		3 V(1437 1436 1144) M(0)
		3 V(1444 1445 1435) M(0)
		3 V(1439 1444 1434) M(0)
		3 V(1448 1447 1437) M(0)
		3 V(1449 1448 1441) M(0)
		3 V(1450 1451 1439) M(0)
		3 V(1446 1450 1443) M(0)
		3 V(1447 1446 1436) M(0)
		3 V(1449 1450 1446) M(0)
		3 V(1451 1452 1445) M(0)
		3 V(1454 1453 1440) M(0)
		3 V(1454 1455 1456) M(0)
		3 V(1458 1428 1432) M(0)
		3 V(1359 1457 1458) M(0)
		3 V(1434 1459 1460) M(0)
		3 V(1457 1461 1462) M(0)
		3 V(1458 1457 1460) M(0)
		3 V(1306 1460 1462) M(0)
		3 V(1463 1461 1361) M(0)
		3 V(1359 1361 1461) M(0)
		3 V(1466 1463 1585) M(0)
		3 V(1468 1362 1467) M(0)
		3 V(1469 1464 1465) M(0)
		3 V(1463 1466 1468) M(0)
		3 V(1466 1464 1469) M(0)
		3 V(1461 1463 1467) M(0)
		3 V(1144 1360 1462) M(0)
		3 V(1362 1468 1469) M(0)
		3 V(1144 1467 1362) M(0)
		3 V(1195 1469 1465) M(0)
		3 V(1152 1465 1160) M(0)
		3 V(1584 1160 1465) M(0)
		3 V(1304 1305 1433) M(0)
		3 V(1451 1444 1439) M(0)
		3 V(1452 1449 1440) M(0)
		3 V(1448 1438 1441) M(0)
		3 V(1448 1449 1447) M(0)
		3 V(1453 1456 1452) M(0)
		3 V(1458 1459 1434) M(0)
		3 V(1435 1429 1428) M(0)
		3 V(1452 1451 1450) M(0)
		3 V(1452 1456 1435) M(0)
		3 V(1470 1289 1277) M(0)
		3 V(1163 1215 1289) M(0)
		3 V(1163 1470 1471) M(0)
		3 V(1242 1234 1471) M(0)
		3 V(1441 1438 1471) M(0)
		3 V(1158 1471 1438) M(0)
		3 V(1472 1455 1442) M(0)
		3 V(1435 1456 1455) M(0)
		3 V(1472 1473 1429) M(0)
		3 V(1331 1378 1473) M(0)
		3 V(1475 1310 1442) M(0)
		3 V(1234 1258 1475) M(0)
		3 V(1455 1454 1474) M(0)
		3 V(1454 1441 1234) M(0)
		3 V(1430 1429 1473) M(0)
		3 V(1433 1378 1330) M(0)
		3 V(1473 1378 1433) M(0)
		3 V(1310 1475 1258) M(0)
		3 V(1337 1476 1432) M(0)
		3 V(1337 890 891) M(0)
		3 V(808 889 892) M(0)
		3 V(808 892 890) M(0)
		3 V(1316 1476 1337) M(0)
		3 V(1477 1303 1305) M(0)
		3 V(1477 1332 1297) M(0)
		3 V(1478 1296 1299) M(0)
		3 V(1479 1397 1396) M(0)
		3 V(1301 1303 1477) M(0)
		3 V(1477 1305 1304) M(0)
		3 V(1299 1301 1297) M(0)
		3 V(1478 1297 1332) M(0)
		3 V(1396 1337 1296) M(0)
		3 V(1478 1394 1479) M(0)
		3 V(1394 1395 1397) M(0)
		3 V(1314 1298 1375) M(0)
		3 V(1477 1298 1314) M(0)
		3 V(1481 1480 786) M(0)
		3 V(1480 1482 843) M(0)
		3 V(1484 1483 1314) M(0)
		3 V(1486 1396 1397) M(0)
		3 V(1483 1621 1395) M(0)
		3 V(1487 1397 1395) M(0)
		3 V(1488 1484 1375) M(0)
		3 V(1481 808 1396) M(0)
		3 V(1493 1494 1401) M(0)
		3 V(1493 1402 1403) M(0)
		3 V(1490 1404 1405) M(0)
		3 V(1492 1489 1405) M(0)
		3 V(1492 1406 1407) M(0)
		3 V(1491 1407 1495) M(0)
		3 V(1482 1485 1495) M(0)
		3 V(1494 1488 1400) M(0)
		3 V(1368 1401 1494) M(0)
		3 V(1500 1370 1366) M(0)
		3 V(1500 1498 1125) M(0)
		3 V(1496 1369 1370) M(0)
		3 V(1496 1500 1130) M(0)
		3 V(1499 1367 1372) M(0)
		3 V(1499 1501 1371) M(0)
		3 V(1499 1128 1374) M(0)
		3 V(1499 1502 1373) M(0)
		3 V(1502 1374 1125) M(0)
		3 V(1502 1498 1366) M(0)
		3 V(1495 1497 874) M(0)
		3 V(1497 1495 1369) M(0)
		3 V(1503 1368 1313) M(0)
		3 V(1368 1503 1501) M(0)
		3 V(1351 1371 1501) M(0)
		3 V(1351 1503 1313) M(0)
		3 V(1505 1506 931) M(0)
		3 V(1507 1022 1024) M(0)
		3 V(1023 1504 1507) M(0)
		3 V(1506 1505 1507) M(0)
		3 V(1505 1021 1020) M(0)
		3 V(1022 1507 1505) M(0)
		3 V(1090 1036 1038) M(0)
		3 V(874 896 899) M(0)
		3 V(874 1497 1496) M(0)
		3 V(1490 1403 1404) M(0)
		3 V(1120 1055 1054) M(0)
		3 V(1519 1103 1123) M(0)
		3 V(1120 1121 1519) M(0)
		3 V(1090 1519 1123) M(0)
		3 V(1103 1519 1108) M(0)
		3 V(1108 1519 1121) M(0)
		3 V(1103 1106 1083) M(0)
		3 V(1119 1107 1108) M(0)
		3 V(1424 1423 1416) M(0)
		3 V(1424 1125 1374) M(0)
		3 V(1521 1380 1379) M(0)
		3 V(1521 1520 1480) M(0)
		3 V(1520 1379 1381) M(0)
		3 V(1520 1522 1482) M(0)
		3 V(1525 1384 1383) M(0)
		3 V(1525 1524 1486) M(0)
		3 V(1624 1398 1384) M(0)
		3 V(1624 1525 1487) M(0)
		3 V(1524 1383 1380) M(0)
		3 V(1524 1521 1481) M(0)
		3 V(1533 1392 1389) M(0)
		3 V(1533 1530 1494) M(0)
		3 V(1529 1388 1392) M(0)
		3 V(1529 1533 1493) M(0)
		3 V(1528 1387 1388) M(0)
		3 V(1528 1529 1490) M(0)
		3 V(1532 1391 1387) M(0)
		3 V(1532 1528 1489) M(0)
		3 V(1531 1390 1391) M(0)
		3 V(1523 1382 1390) M(0)
		3 V(1522 1381 1382) M(0)
		3 V(1530 1389 1385) M(0)
		3 V(1542 1541 1531) M(0)
		3 V(1538 1542 1532) M(0)
		3 V(1537 1538 1492) M(0)
		3 V(1541 1542 1538) M(0)
		3 V(1541 1540 1523) M(0)
		3 V(1536 1537 1491) M(0)
		3 V(1540 1541 1537) M(0)
		3 V(1540 1539 1522) M(0)
		3 V(1535 1536 1485) M(0)
		3 V(1539 1535 1482) M(0)
		3 V(1539 1540 1536) M(0)
		3 V(5 938 1077) M(0)
		3 V(1544 1067 1068) M(0)
		3 V(1066 1065 1544) M(0)
		3 V(978 1543 1068) M(0)
		3 V(912 1067 1544) M(0)
		3 V(124 1065 915) M(0)
		3 V(1066 1543 978) M(0)
		3 V(912 1544 1065) M(0)
		3 V(1546 1545 1379) M(0)
		3 V(1545 1547 1381) M(0)
		3 V(1559 1552 1386) M(0)
		3 V(1550 1549 1383) M(0)
		3 V(1552 1560 1398) M(0)
		3 V(1560 1550 1384) M(0)
		3 V(1551 1559 1393) M(0)
		3 V(1549 1546 1380) M(0)
		3 V(1558 1555 1389) M(0)
		3 V(1554 1558 1392) M(0)
		3 V(1553 1554 1388) M(0)
		3 V(1557 1553 1387) M(0)
		3 V(1556 1557 1391) M(0)
		3 V(1548 1556 1390) M(0)
		3 V(1547 1548 1382) M(0)
		3 V(1555 1551 1385) M(0)
		3 V(1261 1269 1270) M(0)
		3 V(1261 1290 1264) M(0)
		3 V(887 766 763) M(0)
		3 V(895 844 841) M(0)
		3 V(887 895 841) M(0)
		3 V(1564 1563 1561) M(0)
		3 V(1562 1561 778) M(0)
		3 V(1565 809 1564) M(0)
		3 V(1566 778 769) M(0)
		3 V(778 1566 1565) M(0)
		3 V(769 764 1565) M(0)
		3 V(764 780 809) M(0)
		3 V(1562 779 1565) M(0)
		3 V(1568 768 777) M(0)
		3 V(842 840 1570) M(0)
		3 V(768 1568 1570) M(0)
		3 V(777 1567 1570) M(0)
		3 V(766 841 842) M(0)
		3 V(1570 1567 1569) M(0)
		3 V(766 1569 1567) M(0)
		3 V(840 784 765) M(0)
		3 V(1574 1580 790) M(0)
		3 V(1577 792 1579) M(0)
		3 V(1576 801 1574) M(0)
		3 V(787 1572 807) M(0)
		3 V(787 1580 801) M(0)
		3 V(1579 807 1573) M(0)
		3 V(1580 1574 801) M(0)
		3 V(1576 1582 1578) M(0)
		3 V(791 801 1576) M(0)
		3 V(1577 1575 1571) M(0)
		3 V(1582 961 1578) M(0)
		3 V(961 1582 790) M(0)
		3 V(1571 806 792) M(0)
		3 V(1573 807 1575) M(0)
		3 V(1464 1466 1585) M(0)
		3 V(1583 1588 1585) M(0)
		3 V(1584 1586 1588) M(0)
		3 V(1465 1464 1588) M(0)
		3 V(1115 1114 1135) M(0)
		3 V(1007 1033 1042) M(0)
		3 V(382 1591 348) M(0)
		3 V(340 348 1591) M(0)
		3 V(1590 1589 1011) M(0)
		3 V(1589 1010 1007) M(0)
		3 V(1010 1589 1590) M(0)
		3 V(1591 378 319) M(0)
		3 V(375 378 1591) M(0)
		3 V(1040 1042 1032) M(0)
		3 V(1041 1592 1011) M(0)
		3 V(1011 1592 1034) M(0)
		3 V(1033 1031 1035) M(0)
		3 V(1030 1035 1028) M(0)
		3 V(1593 1035 1030) M(0)
		3 V(1033 1593 1032) M(0)
		3 V(1594 1076 1077) M(0)
		3 V(1076 1594 1005) M(0)
		3 V(1005 1594 1077) M(0)
		3 V(1607 1545 1546) M(0)
		3 V(1607 1610 1598) M(0)
		3 V(1608 1547 1545) M(0)
		3 V(1608 1607 1595) M(0)
		3 V(1613 1552 1559) M(0)
		3 V(1613 1612 1605) M(0)
		3 V(1610 1611 1599) M(0)
		3 V(1618 1560 1552) M(0)
		3 V(1618 1613 1600) M(0)
		3 V(1611 1550 1560) M(0)
		3 V(1611 1618 1606) M(0)
		3 V(1616 1558 1554) M(0)
		3 V(1616 1615 1602) M(0)
		3 V(1615 1554 1553) M(0)
		3 V(1615 1614 1601) M(0)
		3 V(1614 1553 1557) M(0)
		3 V(1614 1617 1604) M(0)
		3 V(1617 1557 1556) M(0)
		3 V(1617 1609 1597) M(0)
		3 V(1609 1548 1547) M(0)
		3 V(1609 1608 1596) M(0)
		3 V(1612 1551 1555) M(0)
		3 V(1612 1616 1603) M(0)
		3 V(1616 1555 1558) M(0)
		3 V(1612 1559 1551) M(0)
		3 V(1609 1556 1548) M(0)
		3 V(1025 1002 1051) M(0)
		3 V(1622 1623 1534) M(0)
		3 V(1620 1619 1483) M(0)
		3 V(1623 1622 1619) M(0)
		3 V(1622 1624 1621) M(0)
		3 V(1625 1530 1526) M(0)
		3 V(1626 1534 1623) M(0)
		3 V(1526 1534 1626) M(0)
		3 V(1488 1494 1530) M(0)
		3 V(1628 1385 1393) M(0)
		3 V(1386 1627 1628) M(0)
		3 V(1628 1627 1527) M(0)
		3 V(1534 1526 1385) M(0)
		3 V(1398 1627 1386) M(0)
		3 V(1398 1624 1527) M(0)
		3 V(1621 1483 1619) M(0)
		3 V(1624 1622 1527) M(0)
		3 V(1626 1623 1620) M(0)
		3 V(1626 1629 1488) M(0)
		3 V(1488 1629 1620) M(0)
		3 V(1633 1511 1508) M(0)
		3 V(1633 1630 1595) M(0)
		3 V(1630 1508 1509) M(0)
		3 V(1630 1631 1596) M(0)
		3 V(1638 1517 1513) M(0)
		3 V(1638 1635 1600) M(0)
		3 V(1634 1512 1511) M(0)
		3 V(1634 1633 1598) M(0)
		3 V(1635 1513 1518) M(0)
		3 V(1635 1639 1606) M(0)
		3 V(1639 1518 1512) M(0)
		3 V(1639 1634 1599) M(0)
		3 V(1640 1514 1515) M(0)
		3 V(1640 1636 1603) M(0)
		3 V(1637 1516 1514) M(0)
		3 V(1637 1640 1601) M(0)
		3 V(1632 1510 1516) M(0)
		3 V(1632 1637 1604) M(0)
		3 V(1631 1509 1510) M(0)
		3 V(1631 1632 1597) M(0)
		3 V(1636 1515 1517) M(0)
		3 V(1636 1638 1605) M(0)
		3 V(1640 1602 1601) M(0)
		3 V(1611 1549 1550) M(0)
		3 V(1611 1610 1546) M(0)
	}
}
Eof
